0.00000000e+00   0   2.28278782e+01   1   9.34807653e+02   2   9.35733398e+02   3   9.63073886e+02   4   1.20831988e+03   5   1.20887091e+03   6   
0.00000000e+00   0   1.78405255e+01   1   7.18642355e+02   2   7.19349267e+02   3   8.32548538e+02   4   9.24117233e+02   5   9.24566277e+02   6   
0.00000000e+00   0   1.47795321e+01   1   5.73909665e+02   2   5.74448289e+02   3   6.43660363e+02   4   7.23456807e+02   5   7.23798478e+02   6   
0.00000000e+00   0   1.16643034e+01   1   4.68588463e+02   2   4.69014160e+02   3   5.09086573e+02   4   5.77604252e+02   5   5.77863085e+02   6   
0.00000000e+00   0   1.02667280e+01   1   3.86117429e+02   2   3.86464414e+02   3   4.08291337e+02   4   4.68055915e+02   5   4.68255891e+02   6   
0.00000000e+00   0   8.90119751e+00   1   3.25499830e+02   2   3.25774699e+02   3   3.38544945e+02   4   3.86801367e+02   5   3.86951904e+02   6   
0.00000000e+00   0   7.45053786e+00   1   2.75753884e+02   2   2.75986289e+02   3   2.86522798e+02   4   3.24186125e+02   5   3.24305381e+02   6   
0.00000000e+00   0   6.44371236e+00   1   2.38225379e+02   2   2.38415829e+02   3   2.47585822e+02   4   2.76455492e+02   5   2.76550952e+02   6   
0.00000000e+00   0   5.36609496e+00   1   2.06460472e+02   2   2.06623523e+02   3   2.14637204e+02   4   2.37566575e+02   5   2.37645125e+02   6   
0.00000000e+00   0   5.05925663e+00   1   1.80958671e+02   2   1.81102358e+02   3   1.88282315e+02   4   2.06970489e+02   5   2.07035475e+02   6   
0.00000000e+00   0   4.11605781e+00   1   1.59713299e+02   2   1.59835392e+02   3   1.66128075e+02   4   1.81685681e+02   5   1.81741431e+02   6   
0.00000000e+00   0   3.32029708e+00   1   1.21264232e+02   2   1.21356412e+02   3   1.25967794e+02   4   1.36392511e+02   5   1.36430462e+02   6   
0.00000000e+00   0   2.54141018e+00   1   9.51194838e+01   2   9.51895907e+01   3   9.87061589e+01   4   1.06347362e+02   5   1.06378483e+02   6   
0.00000000e+00   0   2.16094441e+00   1   7.70098166e+01   2   7.70659393e+01   3   7.97872890e+01   4   8.55161618e+01   5   8.55396403e+01   6   
0.00000000e+00   0   1.66025392e+00   1   6.36966914e+01   2   6.37410982e+01   3   6.58187894e+01   4   7.04613891e+01   5   7.04815463e+01   6   
0.00000000e+00   0   1.56989551e+00   1   5.93125719e+01   2   5.93546973e+01   3   6.12439921e+01   4   6.55866281e+01   5   6.56045405e+01   6   
0.00000000e+00   0   1.47416313e+00   1   5.54337783e+01   2   5.54734098e+01   3   5.71892347e+01   4   6.11899952e+01   5   6.12072958e+01   6   
0.00000000e+00   0   1.18140338e+00   1   4.62035325e+01   2   4.62363464e+01   3   4.75024598e+01   4   5.07955339e+01   5   5.08096613e+01   6   
0.00000000e+00   0   1.08627053e+00   1   4.03564145e+01   2   4.03843165e+01   3   4.13715408e+01   4   4.42326118e+01   5   4.42443452e+01   6   
0.00000000e+00   0   9.32321661e-01   1   3.56203591e+01   2   3.56453626e+01   3   3.64355193e+01   4   3.89373741e+01   5   3.89477578e+01   6   
0.00000000e+00   0   7.07781839e-01   1   2.85608063e+01   2   2.85810278e+01   3   2.90732176e+01   4   3.11092806e+01   5   3.11175402e+01   6   
0.00000000e+00   0   5.78630603e-01   1   2.37390463e+01   2   2.37561934e+01   3   2.40663801e+01   4   2.57670838e+01   5   2.57737432e+01   6   
0.00000000e+00   0   4.54937269e-01   1   1.76527301e+01   2   1.76659159e+01   3   1.77027358e+01   4   1.91068419e+01   5   1.91117645e+01   6   
0.00000000e+00   0   3.52762953e-01   1   1.40720773e+01   2   1.40828416e+01   3   1.41095208e+01   4   1.51955499e+01   5   1.51995921e+01   6   
0.00000000e+00   0   2.80541573e-01   1   1.17549830e+01   2   1.17642295e+01   3   1.17848407e+01   4   1.26698786e+01   5   1.26733922e+01   6   
0.00000000e+00   0   2.35763874e-01   1   1.01618589e+01   2   1.01701541e+01   3   1.01863270e+01   4   1.09624991e+01   5   1.09654817e+01   6   
0.00000000e+00   0   2.08230368e-01   1   8.99671661e+00   2   9.00414552e+00   3   9.01753742e+00   4   9.70683825e+00   5   9.70955596e+00   6   
0.00000000e+00   0   1.36942074e-01   1   6.05308506e+00   2   6.05864545e+00   3   6.06686821e+00   4   6.54203243e+00   5   6.54388738e+00   6   
0.00000000e+00   0   9.77005338e-02   1   4.85344564e+00   2   4.85812568e+00   3   4.86470478e+00   4   5.36227965e+00   5   5.36360175e+00   6   
0.00000000e+00   0   8.83458507e-02   1   4.20270698e+00   2   4.20687579e+00   3   4.21230023e+00   4   4.57051195e+00   5   4.57186466e+00   6   
0.00000000e+00   0   7.25786111e-02   1   3.78921656e+00   2   3.79313499e+00   3   3.79781828e+00   4   4.13107535e+00   5   4.13234935e+00   6   
0.00000000e+00   0   6.49640956e-02   1   3.50517525e+00   2   3.50884965e+00   3   3.51299859e+00   4   3.83390052e+00   5   3.83510340e+00   6   
0.00000000e+00   0   6.49874532e-02   1   3.29486849e+00   2   3.29841892e+00   3   3.30214696e+00   4   3.60928707e+00   5   3.61043908e+00   6   
0.00000000e+00   0   5.72230084e-02   1   3.13065616e+00   2   3.13404904e+00   3   3.13751540e+00   4   3.43503965e+00   5   3.43613669e+00   6   
0.00000000e+00   0   5.66244467e-02   1   2.99950791e+00   2   3.00278557e+00   3   3.00581012e+00   4   3.29588554e+00   5   3.29697371e+00   6   
0.00000000e+00   0   4.37536752e-02   1   2.60971265e+00   2   2.61274950e+00   3   2.61466661e+00   4   2.88277929e+00   5   2.88378323e+00   6   
0.00000000e+00   0   4.14830519e-02   1   2.54267755e+00   2   2.54555333e+00   3   2.54722176e+00   4   2.80628311e+00   5   2.80724536e+00   6   
0.00000000e+00   0   3.86320089e-02   1   2.27979808e+00   2   2.28255412e+00   3   2.28416635e+00   4   2.53265593e+00   5   2.53359250e+00   6   
0.00000000e+00   0   3.70161595e-02   1   2.30151224e+00   2   2.30419043e+00   3   2.30576440e+00   4   2.54819174e+00   5   2.54910196e+00   6   
0.00000000e+00   0   3.41355968e-02   1   2.26850412e+00   2   2.27112849e+00   3   2.27267801e+00   4   2.51034238e+00   5   2.51125144e+00   6   
0.00000000e+00   0   3.34313180e-02   1   2.10966234e+00   2   2.11227082e+00   3   2.11380729e+00   4   2.34931778e+00   5   2.35022083e+00   6   
0.00000000e+00   0   3.20408621e-02   1   2.03982336e+00   2   2.04238983e+00   3   2.04382207e+00   4   2.27614571e+00   5   2.27701538e+00   6   
0.00000000e+00   0   3.35743034e-02   1   2.04633706e+00   2   2.04885267e+00   3   2.05027840e+00   4   2.27969402e+00   5   2.28058234e+00   6   
0.00000000e+00   0   3.02153033e-02   1   2.05123402e+00   2   2.05371869e+00   3   2.05511416e+00   4   2.28183256e+00   5   2.28271565e+00   6   
0.00000000e+00   0   3.10219335e-02   1   2.02775059e+00   2   2.03022357e+00   3   2.03163412e+00   4   2.25669900e+00   5   2.25758104e+00   6   
