0.00000000e+00   0   5.12835487e+02   1   3.55004130e+04   2   3.70592321e+04   3   4.05141165e+04   4   4.06223589e+04   5   4.06224825e+04   6   
0.00000000e+00   0   4.11881784e+02   1   2.72847226e+04   2   2.86155291e+04   3   3.16537968e+04   4   3.17589059e+04   5   3.17590058e+04   6   
0.00000000e+00   0   3.33597187e+02   1   2.13078144e+04   2   2.24880574e+04   3   2.50890824e+04   4   2.51979379e+04   5   2.51980364e+04   6   
0.00000000e+00   0   2.67610866e+02   1   1.67808748e+04   2   1.78771971e+04   3   2.01439196e+04   4   2.02502764e+04   5   2.02503742e+04   6   
0.00000000e+00   0   2.22326666e+02   1   1.34059901e+04   2   1.43204715e+04   3   1.63459965e+04   4   1.64532245e+04   5   1.64533232e+04   6   
0.00000000e+00   0   1.87529815e+02   1   1.08080514e+04   2   1.16197969e+04   3   1.33946359e+04   4   1.34982190e+04   5   1.34983169e+04   6   
0.00000000e+00   0   1.78767408e+02   1   9.92613477e+03   2   1.06983352e+04   3   1.24008273e+04   4   1.25046832e+04   5   1.25047783e+04   6   
0.00000000e+00   0   1.67238508e+02   1   9.08511004e+03   2   9.90164229e+03   3   1.14956796e+04   4   1.15993411e+04   5   1.15994374e+04   6   
0.00000000e+00   0   1.58067185e+02   1   8.41332869e+03   2   9.14240087e+03   3   1.06718788e+04   4   1.07780151e+04   5   1.07781111e+04   6   
0.00000000e+00   0   1.48893476e+02   1   7.72617253e+03   2   8.45868078e+03   3   9.92005997e+03   4   1.00267298e+04   5   1.00268242e+04   6   
0.00000000e+00   0   1.37096726e+02   1   7.14465960e+03   2   7.80816243e+03   3   9.23424797e+03   4   9.34458912e+03   5   9.34468451e+03   6   
0.00000000e+00   0   1.29232008e+02   1   6.59187311e+03   2   7.23462352e+03   3   8.60713812e+03   4   8.71245246e+03   5   8.71262978e+03   6   
0.00000000e+00   0   1.23764875e+02   1   6.09729678e+03   2   6.73675515e+03   3   8.03387346e+03   4   8.13871532e+03   5   8.13881196e+03   6   
0.00000000e+00   0   1.15448385e+02   1   5.64280327e+03   2   6.26830551e+03   3   7.50906491e+03   4   7.61812397e+03   5   7.61821542e+03   6   
0.00000000e+00   0   1.08723276e+02   1   5.20117625e+03   2   5.81335848e+03   3   7.02771482e+03   4   7.13311317e+03   5   7.13319402e+03   6   
0.00000000e+00   0   1.02661604e+02   1   4.82896776e+03   2   5.42213114e+03   3   6.58613102e+03   4   6.69040713e+03   5   6.69050143e+03   6   
0.00000000e+00   0   9.80662793e+01   1   4.49486053e+03   2   5.05166500e+03   3   6.18010048e+03   4   6.28524033e+03   5   6.28533285e+03   6   
0.00000000e+00   0   9.24052800e+01   1   4.24660603e+03   2   4.75275950e+03   3   5.80654761e+03   4   5.91070383e+03   5   5.91079632e+03   6   
0.00000000e+00   0   8.74687214e+01   1   4.22081409e+03   2   4.53797379e+03   3   5.48492524e+03   4   5.58953560e+03   5   5.58962769e+03   6   
0.00000000e+00   0   8.22832929e+01   1   3.99659967e+03   2   4.28135592e+03   3   5.17324905e+03   4   5.27851162e+03   5   5.27860396e+03   6   
0.00000000e+00   0   7.90057389e+01   1   3.79436370e+03   2   4.03930928e+03   3   4.88482370e+03   4   4.98800076e+03   5   4.98809448e+03   6   
0.00000000e+00   0   7.33733197e+01   1   3.60858557e+03   2   3.80294679e+03   3   4.61901303e+03   4   4.72267913e+03   5   4.72275758e+03   6   
0.00000000e+00   0   7.10247146e+01   1   3.42920495e+03   2   3.54889010e+03   3   4.37127290e+03   4   4.47561409e+03   5   4.47569457e+03   6   
0.00000000e+00   0   6.78546575e+01   1   3.26941865e+03   2   3.35929923e+03   3   4.14322076e+03   4   4.24790095e+03   5   4.24797855e+03   6   
0.00000000e+00   0   6.51152818e+01   1   3.11677218e+03   2   3.18837805e+03   3   3.93053500e+03   4   4.03512961e+03   5   4.03522395e+03   6   
0.00000000e+00   0   6.29557316e+01   1   2.98105311e+03   2   3.04508362e+03   3   3.73385768e+03   4   3.83725056e+03   5   3.83734304e+03   6   
0.00000000e+00   0   6.06242040e+01   1   2.85045574e+03   2   2.89889866e+03   3   3.54985694e+03   4   3.65426847e+03   5   3.65434417e+03   6   
0.00000000e+00   0   5.85415312e+01   1   2.72675557e+03   2   2.76654743e+03   3   3.37749435e+03   4   3.48310824e+03   5   3.48320160e+03   6   
0.00000000e+00   0   5.44712872e+01   1   2.61118609e+03   2   2.64385007e+03   3   3.21666376e+03   4   3.31910460e+03   5   3.31919715e+03   6   
0.00000000e+00   0   5.35686654e+01   1   2.50267129e+03   2   2.52961982e+03   3   3.06474395e+03   4   3.16885957e+03   5   3.16894920e+03   6   
0.00000000e+00   0   5.21789436e+01   1   2.40043444e+03   2   2.42360008e+03   3   2.92256384e+03   4   3.02634159e+03   5   3.02643449e+03   6   
0.00000000e+00   0   4.98969642e+01   1   2.30619283e+03   2   2.32608318e+03   3   2.78858864e+03   4   2.89119301e+03   5   2.89126976e+03   6   
0.00000000e+00   0   4.83365466e+01   1   2.21357856e+03   2   2.23087183e+03   3   2.66210124e+03   4   2.76582719e+03   5   2.76590484e+03   6   
0.00000000e+00   0   4.66761178e+01   1   2.13088513e+03   2   2.14512291e+03   3   2.54377637e+03   4   2.64788446e+03   5   2.64797365e+03   6   
0.00000000e+00   0   4.52736137e+01   1   2.04960985e+03   2   2.06216667e+03   3   2.43148233e+03   4   2.54041260e+03   5   2.54050123e+03   6   
0.00000000e+00   0   4.36763589e+01   1   1.97343294e+03   2   1.98296645e+03   3   2.32569873e+03   4   2.43409481e+03   5   2.43418137e+03   6   
0.00000000e+00   0   4.24603809e+01   1   1.90221842e+03   2   1.91199059e+03   3   2.22621384e+03   4   2.33127359e+03   5   2.33136217e+03   6   
0.00000000e+00   0   4.13597990e+01   1   1.83453700e+03   2   1.84176143e+03   3   2.13257260e+03   4   2.23571753e+03   5   2.23579494e+03   6   
0.00000000e+00   0   3.98298209e+01   1   1.76886506e+03   2   1.77546027e+03   3   2.04405571e+03   4   2.14916864e+03   5   2.14924656e+03   6   
0.00000000e+00   0   3.85103124e+01   1   1.70915844e+03   2   1.71531156e+03   3   1.96117754e+03   4   2.06869704e+03   5   2.06877553e+03   6   
0.00000000e+00   0   3.68346248e+01   1   1.65084474e+03   2   1.65647974e+03   3   1.88253697e+03   4   1.98802174e+03   5   1.98825941e+03   6   
0.00000000e+00   0   3.58217560e+01   1   1.59643294e+03   2   1.60139207e+03   3   1.80899934e+03   4   1.91636879e+03   5   1.91646138e+03   6   
0.00000000e+00   0   3.55335429e+01   1   1.54465750e+03   2   1.54918109e+03   3   1.73984000e+03   4   1.84897468e+03   5   1.84906436e+03   6   
0.00000000e+00   0   3.44068356e+01   1   1.49389277e+03   2   1.49749350e+03   3   1.67394215e+03   4   1.78331858e+03   5   1.78339719e+03   6   
0.00000000e+00   0   3.34326733e+01   1   1.44629898e+03   2   1.45007383e+03   3   1.61224908e+03   4   1.72865492e+03   5   1.72874659e+03   6   
0.00000000e+00   0   3.17893666e+01   1   1.40101621e+03   2   1.40447934e+03   3   1.55428118e+03   4   1.66575744e+03   5   1.66585089e+03   6   
0.00000000e+00   0   3.18214505e+01   1   1.35686877e+03   2   1.35973111e+03   3   1.49904131e+03   4   1.61319894e+03   5   1.61329408e+03   6   
0.00000000e+00   0   3.02904065e+01   1   1.31696897e+03   2   1.31969647e+03   3   1.44811881e+03   4   1.56437889e+03   5   1.56447360e+03   6   
0.00000000e+00   0   2.96048708e+01   1   1.27722267e+03   2   1.27965696e+03   3   1.39879424e+03   4   1.51833823e+03   5   1.51843686e+03   6   
0.00000000e+00   0   2.85623501e+01   1   1.23808756e+03   2   1.24041479e+03   3   1.35155374e+03   4   1.47283819e+03   5   1.47292409e+03   6   
0.00000000e+00   0   2.86622204e+01   1   1.20101581e+03   2   1.20322828e+03   3   1.30686833e+03   4   1.43303846e+03   5   1.43314265e+03   6   
0.00000000e+00   0   2.78121486e+01   1   1.16672527e+03   2   1.16873168e+03   3   1.26466984e+03   4   1.39865413e+03   5   1.39875947e+03   6   
0.00000000e+00   0   2.70891049e+01   1   1.13447623e+03   2   1.13624477e+03   3   1.22548783e+03   4   1.36517751e+03   5   1.36527508e+03   6   
0.00000000e+00   0   2.59426141e+01   1   1.10420391e+03   2   1.10610193e+03   3   1.18864904e+03   4   1.33367414e+03   5   1.33377611e+03   6   
0.00000000e+00   0   2.57701197e+01   1   1.07216416e+03   2   1.07390856e+03   3   1.15142079e+03   4   1.30029676e+03   5   1.30038828e+03   6   
0.00000000e+00   0   2.46362927e+01   1   1.04163665e+03   2   1.04314639e+03   3   1.11600699e+03   4   1.27407967e+03   5   1.27417287e+03   6   
0.00000000e+00   0   2.45004565e+01   1   1.01297018e+03   2   1.01437737e+03   3   1.08231928e+03   4   1.25196279e+03   5   1.25207484e+03   6   
0.00000000e+00   0   2.34210004e+01   1   9.87281434e+02   2   9.88611402e+02   3   1.05032220e+03   4   1.24135649e+03   5   1.24147608e+03   6   
0.00000000e+00   0   2.33549857e+01   1   9.61248175e+02   2   9.62517468e+02   3   1.00824017e+03   4   1.28258039e+03   5   1.28273349e+03   6   
0.00000000e+00   0   2.22930755e+01   1   9.35405050e+02   2   9.36612128e+02   3   9.78428201e+02   4   1.25187445e+03   5   1.25202161e+03   6   
0.00000000e+00   0   2.17929139e+01   1   9.10667638e+02   2   9.11815590e+02   3   9.50885427e+02   4   1.22212139e+03   5   1.22226964e+03   6   
0.00000000e+00   0   2.17620581e+01   1   8.87217772e+02   2   8.88325063e+02   3   9.24907755e+02   4   1.19340797e+03   5   1.19355121e+03   6   
0.00000000e+00   0   2.07007421e+01   1   8.64941981e+02   2   8.65994186e+02   3   9.00507548e+02   4   1.16152956e+03   5   1.16165023e+03   6   
0.00000000e+00   0   2.02836260e+01   1   8.42924400e+02   2   8.43986999e+02   3   8.76781209e+02   4   1.13518048e+03   5   1.13532100e+03   6   
0.00000000e+00   0   1.98344082e+01   1   8.22151097e+02   2   8.23174980e+02   3   8.54425404e+02   4   1.10774322e+03   5   1.10788211e+03   6   
0.00000000e+00   0   1.95837810e+01   1   8.02379568e+02   2   8.03362389e+02   3   8.32793220e+02   4   1.07765705e+03   5   1.07779518e+03   6   
0.00000000e+00   0   1.94169716e+01   1   7.83135334e+02   2   7.84075161e+02   3   8.11997917e+02   4   1.05047358e+03   5   1.05061320e+03   6   
0.00000000e+00   0   1.89583236e+01   1   7.62726802e+02   2   7.63612000e+02   3   7.90147620e+02   4   1.02277029e+03   5   1.02291032e+03   6   
0.00000000e+00   0   1.85831491e+01   1   7.44930299e+02   2   7.45814877e+02   3   7.71097504e+02   4   9.96048085e+02   5   9.96164701e+02   6   
0.00000000e+00   0   1.77294358e+01   1   7.26574380e+02   2   7.27439559e+02   3   7.51629022e+02   4   9.74564219e+02   5   9.74677682e+02   6   
0.00000000e+00   0   1.75621296e+01   1   7.10188252e+02   2   7.11017524e+02   3   7.33912911e+02   4   9.49354103e+02   5   9.49489125e+02   6   
0.00000000e+00   0   1.72248898e+01   1   6.93248815e+02   2   6.93966391e+02   3   7.15928708e+02   4   9.27847298e+02   5   9.27976789e+02   6   
0.00000000e+00   0   1.68570897e+01   1   6.77831931e+02   2   6.78532612e+02   3   6.99390804e+02   4   9.01916290e+02   5   9.02027188e+02   6   
0.00000000e+00   0   1.64969203e+01   1   6.62325848e+02   2   6.62989807e+02   3   6.82977032e+02   4   8.82585043e+02   5   8.82696940e+02   6   
0.00000000e+00   0   1.63690106e+01   1   6.47101846e+02   2   6.47759284e+02   3   6.66825683e+02   4   8.59865256e+02   5   8.59973402e+02   6   
0.00000000e+00   0   1.60354579e+01   1   6.33934596e+02   2   6.34571660e+02   3   6.52749386e+02   4   8.41025456e+02   5   8.41130600e+02   6   
0.00000000e+00   0   1.53987857e+01   1   6.17717570e+02   2   6.18383038e+02   3   6.35938541e+02   4   8.26065843e+02   5   8.26185712e+02   6   
0.00000000e+00   0   1.50845467e+01   1   6.05304122e+02   2   6.05894745e+02   3   6.22647236e+02   4   8.01762319e+02   5   8.01865432e+02   6   
0.00000000e+00   0   1.47200058e+01   1   5.91334698e+02   2   5.91915610e+02   3   6.08071981e+02   4   7.82182701e+02   5   7.82285663e+02   6   
0.00000000e+00   0   1.44049972e+01   1   5.78909020e+02   2   5.79455903e+02   3   5.94964056e+02   4   7.62567467e+02   5   7.62667191e+02   6   
0.00000000e+00   0   1.44436238e+01   1   5.66132041e+02   2   5.66667461e+02   3   5.81663879e+02   4   7.47466622e+02   5   7.47566149e+02   6   
0.00000000e+00   0   1.38779821e+01   1   5.53839480e+02   2   5.54351046e+02   3   5.68769263e+02   4   7.29135096e+02   5   7.29232922e+02   6   
0.00000000e+00   0   1.39395010e+01   1   5.42959485e+02   2   5.43463285e+02   3   5.57406299e+02   4   7.15978845e+02   5   7.16086046e+02   6   
0.00000000e+00   0   1.36243382e+01   1   5.31692165e+02   2   5.32181035e+02   3   5.45553969e+02   4   6.95475782e+02   5   6.95568442e+02   6   
0.00000000e+00   0   1.31520984e+01   1   5.20324734e+02   2   5.20796391e+02   3   5.33735255e+02   4   6.79511517e+02   5   6.79602402e+02   6   
0.00000000e+00   0   1.28615030e+01   1   5.09969904e+02   2   5.10426139e+02   3   5.22865571e+02   4   6.64104442e+02   5   6.64197278e+02   6   
0.00000000e+00   0   1.27649385e+01   1   4.99483028e+02   2   4.99931205e+02   3   5.12001792e+02   4   6.50756055e+02   5   6.50843853e+02   6   
0.00000000e+00   0   1.25229052e+01   1   4.89776845e+02   2   4.90210068e+02   3   5.01663827e+02   4   6.38319479e+02   5   6.38406911e+02   6   
0.00000000e+00   0   1.23686729e+01   1   4.79783091e+02   2   4.80202838e+02   3   4.91474186e+02   4   6.21442867e+02   5   6.21530289e+02   6   
0.00000000e+00   0   1.19585430e+01   1   4.70481992e+02   2   4.70889537e+02   3   4.81791965e+02   4   6.07138636e+02   5   6.07223997e+02   6   
0.00000000e+00   0   1.19482213e+01   1   4.60711995e+02   2   4.61110041e+02   3   4.71485523e+02   4   5.95687751e+02   5   5.95773132e+02   6   
0.00000000e+00   0   1.16138971e+01   1   4.52898344e+02   2   4.53281447e+02   3   4.63248439e+02   4   5.82485114e+02   5   5.82564924e+02   6   
0.00000000e+00   0   1.13680805e+01   1   4.43414300e+02   2   4.43790981e+02   3   4.53482712e+02   4   5.68899754e+02   5   5.68981006e+02   6   
0.00000000e+00   0   1.12220967e+01   1   4.35258149e+02   2   4.35624572e+02   3   4.45038043e+02   4   5.56887636e+02   5   5.56965623e+02   6   
0.00000000e+00   0   1.10130744e+01   1   4.26581132e+02   2   4.26939809e+02   3   4.36078190e+02   4   5.45842993e+02   5   5.45920884e+02   6   
0.00000000e+00   0   1.09031700e+01   1   4.19180098e+02   2   4.19525947e+02   3   4.28369364e+02   4   5.33498231e+02   5   5.33563171e+02   6   
0.00000000e+00   0   1.07678749e+01   1   4.11140099e+02   2   4.11478331e+02   3   4.20089123e+02   4   5.22355617e+02   5   5.22433626e+02   6   
0.00000000e+00   0   1.03998644e+01   1   4.03258342e+02   2   4.03589117e+02   3   4.12002022e+02   4   5.12385270e+02   5   5.12449250e+02   6   
0.00000000e+00   0   1.02454732e+01   1   3.95836742e+02   2   3.96160199e+02   3   4.04294311e+02   4   5.00593478e+02   5   5.00656311e+02   6   
0.00000000e+00   0   1.00124018e+01   1   3.88966124e+02   2   3.89279297e+02   3   3.97212899e+02   4   4.91607747e+02   5   4.91668143e+02   6   
0.00000000e+00   0   9.81034573e+00   1   3.81789315e+02   2   3.82096263e+02   3   3.89817538e+02   4   4.80437358e+02   5   4.80498481e+02   6   
0.00000000e+00   0   8.44130724e+00   1   3.20910354e+02   2   3.21147559e+02   3   3.27182245e+02   4   3.96233303e+02   5   3.96305875e+02   6   
0.00000000e+00   0   7.31359819e+00   1   2.73280034e+02   2   2.73455097e+02   3   2.77952576e+02   4   3.31010175e+02   5   3.31045990e+02   6   
0.00000000e+00   0   6.31845663e+00   1   2.35343327e+02   2   2.35486429e+02   3   2.39128011e+02   4   2.81090772e+02   5   2.81122231e+02   6   
0.00000000e+00   0   5.45965070e+00   1   2.04587432e+02   2   2.04696874e+02   3   2.07704715e+02   4   2.41798343e+02   5   2.41826055e+02   6   
0.00000000e+00   0   4.25140453e+00   1   1.58780315e+02   2   1.58853158e+02   3   1.61112796e+02   4   1.84715974e+02   5   1.84741171e+02   6   
0.00000000e+00   0   3.41388270e+00   1   1.26791336e+02   2   1.26842537e+02   3   1.28211284e+02   4   1.46094682e+02   5   1.46117741e+02   6   
0.00000000e+00   0   3.07444018e+00   1   1.14370130e+02   2   1.14411461e+02   3   1.15585343e+02   4   1.31183970e+02   5   1.31205944e+02   6   
0.00000000e+00   0   2.81758318e+00   1   1.03697139e+02   2   1.03734358e+02   3   1.04756476e+02   4   1.18518168e+02   5   1.18537955e+02   6   
0.00000000e+00   0   2.52134511e+00   1   9.44868789e+01   2   9.45173868e+01   3   9.54052113e+01   4   1.07784039e+02   5   1.07803398e+02   6   
0.00000000e+00   0   2.32796981e+00   1   8.64976450e+01   2   8.65230451e+01   3   8.72914037e+01   4   9.84029192e+01   5   9.84209291e+01   6   
0.00000000e+00   0   2.11865468e+00   1   7.95074972e+01   2   7.95311355e+01   3   8.02197622e+01   4   9.03997473e+01   5   9.04177356e+01   6   
0.00000000e+00   0   1.95312208e+00   1   7.33755404e+01   2   7.33963568e+01   3   7.39972292e+01   4   8.31655263e+01   5   8.31810519e+01   6   
0.00000000e+00   0   1.83807206e+00   1   6.79637448e+01   2   6.79826259e+01   3   6.85179288e+01   4   7.69257183e+01   5   7.69401015e+01   6   
0.00000000e+00   0   1.67667765e+00   1   6.31706564e+01   2   6.31861636e+01   3   6.36666852e+01   4   7.13520084e+01   5   7.13650082e+01   6   
0.00000000e+00   0   1.56211581e+00   1   5.88961636e+01   2   5.89111954e+01   3   5.93487389e+01   4   6.64729942e+01   5   6.64845278e+01   6   
0.00000000e+00   0   1.47439917e+00   1   5.50966599e+01   2   5.51091432e+01   3   5.55049374e+01   4   6.20704513e+01   5   6.20811083e+01   6   
0.00000000e+00   0   1.37089113e+00   1   5.16575607e+01   2   5.16698940e+01   3   5.20327173e+01   4   5.81998085e+01   5   5.82099254e+01   6   
0.00000000e+00   0   1.29157315e+00   1   4.85810043e+01   2   4.85920667e+01   3   4.89159621e+01   4   5.45971080e+01   5   5.46057412e+01   6   
0.00000000e+00   0   1.21094784e+00   1   4.57946527e+01   2   4.58053088e+01   3   4.61034855e+01   4   5.13882758e+01   5   5.13960154e+01   6   
0.00000000e+00   0   1.15190099e+00   1   4.32764962e+01   2   4.32868375e+01   3   4.35563300e+01   4   4.85022333e+01   5   4.85094012e+01   6   
0.00000000e+00   0   1.08158438e+00   1   4.09870389e+01   2   4.09953759e+01   3   4.12435085e+01   4   4.58806114e+01   5   4.58861506e+01   6   
0.00000000e+00   0   1.02606599e+00   1   3.88967482e+01   2   3.89049592e+01   3   3.91329868e+01   4   4.34940307e+01   5   4.35003876e+01   6   
0.00000000e+00   0   9.74663544e-01   1   3.69837085e+01   2   3.69915874e+01   3   3.72004325e+01   4   4.13104262e+01   5   4.13152540e+01   6   
0.00000000e+00   0   9.07010997e-01   1   3.52312859e+01   2   3.52389012e+01   3   3.54323533e+01   4   3.93114247e+01   5   3.93163564e+01   6   
0.00000000e+00   0   7.20419136e-01   1   2.83097821e+01   2   2.83150847e+01   3   2.84495705e+01   4   3.14384488e+01   5   3.14446660e+01   6   
0.00000000e+00   0   3.31719769e-01   1   1.39423294e+01   2   1.39451253e+01   3   1.39879289e+01   4   1.54259384e+01   5   1.54284363e+01   6   
0.00000000e+00   0   7.06331598e-02   1   3.79187473e+00   2   3.79326013e+00   3   3.80467214e+00   4   4.15647435e+00   5   4.15813818e+00   6   
0.00000000e+00   0   6.74862196e-02   1   3.63882191e+00   2   3.64026855e+00   3   3.65091330e+00   4   3.99880151e+00   5   4.00040277e+00   6   
0.00000000e+00   0   6.51070314e-02   1   3.50917989e+00   2   3.51035488e+00   3   3.52022306e+00   4   3.85852527e+00   5   3.86006387e+00   6   
0.00000000e+00   0   6.16247024e-02   1   3.39682383e+00   2   3.39824608e+00   3   3.40798778e+00   4   3.74222938e+00   5   3.74383900e+00   6   
0.00000000e+00   0   5.79460697e-02   1   3.21285192e+00   2   3.21400827e+00   3   3.22339796e+00   4   3.54237616e+00   5   3.54354191e+00   6   
0.00000000e+00   0   4.12357288e-02   1   2.61197483e+00   2   2.61269962e+00   3   2.62102587e+00   4   2.89445419e+00   5   2.89509847e+00   6   
