0.00000000e+00   4   3.39987021e+02   5   3.41625502e+02   6   
0.00000000e+00   4   2.64251377e+02   5   2.65460413e+02   6   
0.00000000e+00   4   2.11847706e+02   5   2.12776084e+02   6   
0.00000000e+00   4   1.75051802e+02   5   1.75773631e+02   6   
0.00000000e+00   4   1.45639486e+02   5   1.46226752e+02   6   
0.00000000e+00   4   1.05291881e+02   5   1.05696576e+02   6   
0.00000000e+00   4   9.14771475e+01   5   9.18268673e+01   6   
0.00000000e+00   4   6.81423922e+01   5   6.83965656e+01   6   
0.00000000e+00   4   5.13885378e+01   5   5.15784540e+01   6   
0.00000000e+00   4   4.05878860e+01   5   4.07365675e+01   6   
0.00000000e+00   4   3.27451276e+01   5   3.28656382e+01   6   
0.00000000e+00   4   2.68149258e+01   5   2.69157315e+01   6   
0.00000000e+00   4   2.23887630e+01   5   2.24717236e+01   6   
0.00000000e+00   4   1.66702761e+01   5   1.67313246e+01   6   
0.00000000e+00   4   1.29326154e+01   5   1.29802850e+01   6   
0.00000000e+00   4   1.04418685e+01   5   1.04793295e+01   6   
0.00000000e+00   4   8.73941085e+00   5   8.77041018e+00   6   
0.00000000e+00   4   7.34955423e+00   5   7.37639256e+00   6   
0.00000000e+00   4   6.36058030e+00   5   6.38320649e+00   6   
0.00000000e+00   4   5.53571195e+00   5   5.55594019e+00   6   
0.00000000e+00   4   4.91366328e+00   5   4.93112975e+00   6   
0.00000000e+00   4   4.42145104e+00   5   4.43779941e+00   6   
0.00000000e+00   4   4.01110997e+00   5   4.02577789e+00   6   
0.00000000e+00   4   3.62677056e+00   5   3.64002577e+00   6   
0.00000000e+00   4   3.37312232e+00   5   3.38601443e+00   6   
0.00000000e+00   4   2.78872032e+00   5   2.79934919e+00   6   
0.00000000e+00   4   2.42630343e+00   5   2.43562860e+00   6   
0.00000000e+00   4   2.14691354e+00   5   2.15528473e+00   6   
0.00000000e+00   4   1.93479448e+00   5   1.94249591e+00   6   
0.00000000e+00   4   1.76388648e+00   5   1.77099915e+00   6   
0.00000000e+00   4   1.60098089e+00   5   1.60750794e+00   6   
0.00000000e+00   4   1.48744645e+00   5   1.49355482e+00   6   
0.00000000e+00   4   1.38004163e+00   5   1.38575168e+00   6   
0.00000000e+00   4   1.30141971e+00   5   1.30680148e+00   6   
0.00000000e+00   4   1.21754505e+00   5   1.22265490e+00   6   
0.00000000e+00   4   1.15963794e+00   5   1.16452583e+00   6   
0.00000000e+00   4   1.09694801e+00   5   1.10160708e+00   6   
0.00000000e+00   4   1.05397714e+00   5   1.05842349e+00   6   
0.00000000e+00   4   1.00660389e+00   5   1.01084012e+00   6   
0.00000000e+00   4   9.67969876e-01   5   9.72057244e-01   6   
0.00000000e+00   4   9.36725297e-01   5   9.40677841e-01   6   
0.00000000e+00   4   8.95668356e-01   5   8.99475753e-01   6   
0.00000000e+00   4   8.72273467e-01   5   8.75979772e-01   6   
0.00000000e+00   4   8.40498966e-01   5   8.44077864e-01   6   
0.00000000e+00   4   8.22322840e-01   5   8.25786541e-01   6   
0.00000000e+00   4   7.97318346e-01   5   8.00708891e-01   6   
0.00000000e+00   4   7.77136347e-01   5   7.80438289e-01   6   
0.00000000e+00   4   7.58412842e-01   5   7.61614348e-01   6   
0.00000000e+00   4   7.43166968e-01   5   7.46311601e-01   6   
0.00000000e+00   4   7.25637472e-01   5   7.28713353e-01   6   
0.00000000e+00   4   7.09276231e-01   5   7.12287517e-01   6   
0.00000000e+00   4   6.98188384e-01   5   7.01148642e-01   6   
0.00000000e+00   4   6.78712695e-01   5   6.81561232e-01   6   
0.00000000e+00   4   6.72303824e-01   5   6.75120565e-01   6   
0.00000000e+00   4   6.58271925e-01   5   6.61023899e-01   6   
0.00000000e+00   4   6.47769309e-01   5   6.50485728e-01   6   
0.00000000e+00   4   6.35623786e-01   5   6.38289388e-01   6   
0.00000000e+00   4   6.24040772e-01   5   6.26653884e-01   6   
0.00000000e+00   4   6.16477024e-01   5   6.19062787e-01   6   
0.00000000e+00   4   6.07701227e-01   5   6.10235469e-01   6   
0.00000000e+00   4   5.85907841e-01   5   5.88338761e-01   6   
0.00000000e+00   4   5.66362838e-01   5   5.68697358e-01   6   
0.00000000e+00   4   5.50616418e-01   5   5.52855077e-01   6   
0.00000000e+00   4   5.36953261e-01   5   5.39137299e-01   6   
0.00000000e+00   4   5.24946810e-01   5   5.27056684e-01   6   
0.00000000e+00   4   5.12040624e-01   5   5.14060768e-01   6   
0.00000000e+00   4   4.89310919e-01   5   4.91194790e-01   6   
0.00000000e+00   4   4.70774716e-01   5   4.72553406e-01   6   
0.00000000e+00   4   4.55233264e-01   5   4.56929335e-01   6   
0.00000000e+00   4   4.41640264e-01   5   4.43264041e-01   6   
0.00000000e+00   4   4.29735218e-01   5   4.31278344e-01   6   
0.00000000e+00   4   4.18365179e-01   5   4.19832799e-01   6   
0.00000000e+00   4   4.08169428e-01   5   4.09569773e-01   6   
0.00000000e+00   4   3.99960572e-01   5   4.01437831e-01   6   
0.00000000e+00   4   3.84051216e-01   5   3.85454248e-01   6   
0.00000000e+00   4   3.71316905e-01   5   3.72640089e-01   6   
0.00000000e+00   4   3.61128293e-01   5   3.62388875e-01   6   
0.00000000e+00   4   3.52768673e-01   5   3.54005186e-01   6   
0.00000000e+00   4   3.44180845e-01   5   3.45363173e-01   6   
0.00000000e+00   4   3.37046363e-01   5   3.38183310e-01   6   
0.00000000e+00   4   3.30568294e-01   5   3.31671319e-01   6   
0.00000000e+00   4   3.25062496e-01   5   3.26137858e-01   6   
0.00000000e+00   4   3.19921092e-01   5   3.20982691e-01   6   
0.00000000e+00   4   3.15356684e-01   5   3.16398880e-01   6   
0.00000000e+00   4   3.05548562e-01   5   3.06542232e-01   6   
0.00000000e+00   4   2.97895734e-01   5   2.98846701e-01   6   
0.00000000e+00   4   2.91488277e-01   5   2.92414837e-01   6   
0.00000000e+00   4   2.86141035e-01   5   2.87045772e-01   6   
0.00000000e+00   4   2.81674221e-01   5   2.82555331e-01   6   
0.00000000e+00   4   2.77903727e-01   5   2.78767122e-01   6   
0.00000000e+00   4   2.74439965e-01   5   2.75280968e-01   6   
0.00000000e+00   4   2.71532890e-01   5   2.72357443e-01   6   
0.00000000e+00   4   2.68953572e-01   5   2.69774796e-01   6   
0.00000000e+00   4   2.66531463e-01   5   2.67342098e-01   6   
0.00000000e+00   4   2.64486447e-01   5   2.65288209e-01   6   
0.00000000e+00   4   2.62662311e-01   5   2.63449069e-01   6   
0.00000000e+00   4   2.56770792e-01   5   2.57509815e-01   6   
0.00000000e+00   4   2.50217674e-01   5   2.50929149e-01   6   
0.00000000e+00   4   2.44938815e-01   5   2.45589422e-01   6   
0.00000000e+00   4   2.41710764e-01   5   2.42344331e-01   6   
0.00000000e+00   4   2.40374867e-01   5   2.40985939e-01   6   
0.00000000e+00   4   2.40057639e-01   5   2.40643391e-01   6   
