0.00000000e+00   0   2.04487117e+01   1   9.81570549e+02   2   9.81621677e+02   3   9.99241036e+02   4   1.23357891e+03   5   1.23395352e+03   6   
0.00000000e+00   0   1.17389856e+01   1   6.04356410e+02   2   6.04386442e+02   3   6.11415540e+02   4   7.40944339e+02   5   7.41178815e+02   6   
0.00000000e+00   0   7.81734974e+00   1   4.04677836e+02   2   4.04697026e+02   3   4.08379548e+02   4   4.77348891e+02   5   4.77493545e+02   6   
0.00000000e+00   0   5.27642427e+00   1   2.88232065e+02   2   2.88245612e+02   3   2.90458527e+02   4   3.30400612e+02   5   3.30490438e+02   6   
0.00000000e+00   0   3.94155232e+00   1   2.15014632e+02   2   2.15024767e+02   3   2.16471146e+02   4   2.42280393e+02   5   2.42338725e+02   6   
0.00000000e+00   0   3.03663732e+00   1   1.66361259e+02   2   1.66368426e+02   3   1.67375857e+02   4   1.85437512e+02   5   1.85481418e+02   6   
0.00000000e+00   0   2.35085764e+00   1   1.32616782e+02   2   1.32622469e+02   3   1.33344250e+02   4   1.46841992e+02   5   1.46876352e+02   6   
0.00000000e+00   0   2.01120464e+00   1   1.08496901e+02   2   1.08500947e+02   3   1.09040329e+02   4   1.19714103e+02   5   1.19739807e+02   6   
0.00000000e+00   0   1.57340613e+00   1   9.04944467e+01   2   9.04974649e+01   3   9.09175374e+01   4   9.93082271e+01   5   9.93312258e+01   6   
0.00000000e+00   0   1.37817429e+00   1   7.67784574e+01   2   7.67809874e+01   3   7.71095775e+01   4   8.39940973e+01   5   8.40116923e+01   6   
0.00000000e+00   0   1.12709940e+00   1   6.60046259e+01   2   6.60068882e+01   3   6.62668682e+01   4   7.20895688e+01   5   7.21052509e+01   6   
0.00000000e+00   0   1.03228005e+00   1   5.75581607e+01   2   5.75600187e+01   3   5.77757882e+01   4   6.27430997e+01   5   6.27568117e+01   6   
0.00000000e+00   0   8.44693528e-01   1   5.07953890e+01   2   5.07968690e+01   3   5.09763916e+01   4   5.52733572e+01   5   5.52863517e+01   6   
0.00000000e+00   0   7.85285959e-01   1   4.52315388e+01   2   4.52327169e+01   3   4.53839759e+01   4   4.91430586e+01   5   4.91542904e+01   6   
0.00000000e+00   0   6.86216629e-01   1   4.06383629e+01   2   4.06394636e+01   3   4.07695758e+01   4   4.40907063e+01   5   4.41011072e+01   6   
0.00000000e+00   0   6.29328260e-01   1   3.68036934e+01   2   3.68045906e+01   3   3.69148624e+01   4   3.98788908e+01   5   3.98878409e+01   6   
0.00000000e+00   0   5.42420730e-01   1   3.35558318e+01   2   3.35566157e+01   3   3.36538855e+01   4   3.63194754e+01   5   3.63277574e+01   6   
0.00000000e+00   0   5.02333710e-01   1   3.07858793e+01   2   3.07865313e+01   3   3.08708213e+01   4   3.32895999e+01   5   3.32973346e+01   6   
0.00000000e+00   0   4.57162266e-01   1   2.83975822e+01   2   2.83981828e+01   3   2.84725962e+01   4   3.06749779e+01   5   3.06825789e+01   6   
0.00000000e+00   0   4.17955502e-01   1   2.63359904e+01   2   2.63365472e+01   3   2.64031634e+01   4   2.84129351e+01   5   2.84200584e+01   6   
0.00000000e+00   0   4.07107400e-01   1   2.45329315e+01   2   2.45333976e+01   3   2.45929768e+01   4   2.64573723e+01   5   2.64642305e+01   6   
0.00000000e+00   0   2.88623519e-01   1   1.81686288e+01   2   1.81689429e+01   3   1.82065998e+01   4   1.95510588e+01   5   1.95561231e+01   6   
0.00000000e+00   0   2.11910851e-01   1   1.44578491e+01   2   1.44580300e+01   3   1.44868861e+01   4   1.55270842e+01   5   1.55314891e+01   6   
0.00000000e+00   0   1.66094843e-01   1   1.20501263e+01   2   1.20502804e+01   3   1.20704341e+01   4   1.29343110e+01   5   1.29380396e+01   6   
0.00000000e+00   0   1.43847633e-01   1   1.03915642e+01   2   1.03916987e+01   3   1.04081808e+01   4   1.11635041e+01   5   1.11667922e+01   6   
0.00000000e+00   0   1.27024393e-01   1   9.18760088e+00   2   9.18771956e+00   3   9.20190460e+00   4   9.84644124e+00   5   9.84955334e+00   6   
0.00000000e+00   0   9.91933713e-02   1   8.28469404e+00   2   8.28480344e+00   3   8.29696280e+00   4   8.89943861e+00   5   8.90233181e+00   6   
0.00000000e+00   0   8.71400080e-02   1   7.57410168e+00   2   7.57420114e+00   3   7.58562154e+00   4   8.13785546e+00   5   8.14032388e+00   6   
0.00000000e+00   0   7.95600033e-02   1   7.00542493e+00   2   7.00551701e+00   3   7.01625333e+00   4   7.53091525e+00   5   7.53330775e+00   6   
0.00000000e+00   0   6.23788644e-02   1   6.15386250e+00   2   6.15394375e+00   3   6.16336374e+00   4   6.63305433e+00   5   6.63510522e+00   6   
0.00000000e+00   0   6.04261226e-02   1   5.83126905e+00   2   5.83134607e+00   3   5.84054368e+00   4   6.28666378e+00   5   6.28868041e+00   6   
0.00000000e+00   0   5.64762168e-02   1   5.55468278e+00   2   5.55475693e+00   3   5.56337877e+00   4   5.99111009e+00   5   5.99306399e+00   6   
0.00000000e+00   0   5.64695864e-02   1   5.31472895e+00   2   5.31479961e+00   3   5.32302725e+00   4   5.73758972e+00   5   5.73946660e+00   6   
0.00000000e+00   0   4.84157276e-02   1   5.10465713e+00   2   5.10472506e+00   3   5.11292560e+00   4   5.51337824e+00   5   5.51515844e+00   6   
0.00000000e+00   0   4.72011534e-02   1   4.92050036e+00   2   4.92056594e+00   3   4.92846180e+00   4   5.33715732e+00   5   5.33879592e+00   6   
0.00000000e+00   0   4.60399724e-02   1   4.75808422e+00   2   4.75814768e+00   3   4.76577590e+00   4   5.13299526e+00   5   5.13465040e+00   6   
0.00000000e+00   0   5.42022400e-02   1   4.47948599e+00   2   4.47954602e+00   3   4.48817592e+00   4   4.85078539e+00   5   4.85244824e+00   6   
0.00000000e+00   0   3.23874904e-02   1   3.44377012e+00   2   3.44381533e+00   3   3.45048589e+00   4   3.75254174e+00   5   3.75398099e+00   6   
0.00000000e+00   0   3.13643487e-02   1   3.35878627e+00   2   3.35883048e+00   3   3.36442597e+00   4   3.65956605e+00   5   3.66094132e+00   6   
0.00000000e+00   0   3.08441399e-02   1   3.32037943e+00   2   3.32042320e+00   3   3.32593374e+00   4   3.61592777e+00   5   3.61727710e+00   6   
0.00000000e+00   0   2.45811752e-02   1   3.24771282e+00   2   3.24775582e+00   3   3.25313908e+00   4   3.54988256e+00   5   3.55126632e+00   6   
0.00000000e+00   0   2.91768910e-02   1   3.21375639e+00   2   3.21379902e+00   3   3.21920676e+00   4   3.50722941e+00   5   3.50856527e+00   6   
0.00000000e+00   0   2.88477167e-02   1   3.18227096e+00   2   3.18231319e+00   3   3.18770401e+00   4   3.48085709e+00   5   3.48221557e+00   6   
0.00000000e+00   0   2.79776202e-02   1   3.15128988e+00   2   3.15133183e+00   3   3.15666876e+00   4   3.44828233e+00   5   3.44968599e+00   6   
0.00000000e+00   0   2.70691562e-02   1   3.12165053e+00   2   3.12169205e+00   3   3.12707548e+00   4   3.41721487e+00   5   3.41857121e+00   6   
0.00000000e+00   0   2.66955262e-02   1   3.09368430e+00   2   3.09372452e+00   3   3.09928388e+00   4   3.38701730e+00   5   3.38838683e+00   6   
0.00000000e+00   0   2.87091009e-02   1   3.06709331e+00   2   3.06713376e+00   3   3.07268373e+00   4   3.35901669e+00   5   3.36037245e+00   6   
0.00000000e+00   0   2.65254706e-02   1   3.04124145e+00   2   3.04128193e+00   3   3.04661004e+00   4   3.33177059e+00   5   3.33305275e+00   6   
0.00000000e+00   0   2.67987126e-02   1   3.01638080e+00   2   3.01642015e+00   3   3.02174696e+00   4   3.30058603e+00   5   3.30191190e+00   6   
0.00000000e+00   0   2.73046462e-02   1   2.98703028e+00   2   2.98707068e+00   3   2.99238660e+00   4   3.27467411e+00   5   3.27598188e+00   6   
0.00000000e+00   0   2.58385304e-02   1   2.95891109e+00   2   2.95894847e+00   3   2.96433512e+00   4   3.24437379e+00   5   3.24571788e+00   6   
0.00000000e+00   0   1.94544422e-02   1   2.93239978e+00   2   2.93243523e+00   3   2.93796684e+00   4   3.21580706e+00   5   3.21712101e+00   6   
0.00000000e+00   0   2.65597411e-02   1   2.90674505e+00   2   2.90678193e+00   3   2.91212792e+00   4   3.18939660e+00   5   3.19072246e+00   6   
0.00000000e+00   0   2.41247454e-02   1   2.88217234e+00   2   2.88220578e+00   3   2.88776268e+00   4   3.16326907e+00   5   3.16458326e+00   6   
0.00000000e+00   0   2.96611961e-02   1   2.85866930e+00   2   2.85870286e+00   3   2.86407473e+00   4   3.13710179e+00   5   3.13842092e+00   6   
0.00000000e+00   0   2.56667344e-02   1   2.83608281e+00   2   2.83611747e+00   3   2.84144369e+00   4   3.11474504e+00   5   3.11602443e+00   6   
0.00000000e+00   0   2.89974445e-02   1   2.81477955e+00   2   2.81481134e+00   3   2.82019194e+00   4   3.09114426e+00   5   3.09245447e+00   6   
0.00000000e+00   0   2.37000495e-02   1   2.79382274e+00   2   2.79385457e+00   3   2.79941208e+00   4   3.07041818e+00   5   3.07164671e+00   6   
0.00000000e+00   0   2.90461267e-02   1   2.77401608e+00   2   2.77404392e+00   3   2.77947900e+00   4   3.04739257e+00   5   3.04865701e+00   6   
0.00000000e+00   0   2.42141373e-02   1   2.75473485e+00   2   2.75476348e+00   3   2.76016959e+00   4   3.02840646e+00   5   3.02969168e+00   6   
0.00000000e+00   0   2.44382008e-02   1   2.73590180e+00   2   2.73592931e+00   3   2.74146845e+00   4   3.00870155e+00   5   3.00998799e+00   6   
0.00000000e+00   0   2.74646675e-02   1   2.71838626e+00   2   2.71841258e+00   3   2.72411233e+00   4   2.99041172e+00   5   2.99170210e+00   6   
0.00000000e+00   0   2.36273548e-02   1   2.70094951e+00   2   2.70098267e+00   3   2.70623649e+00   4   2.97227320e+00   5   2.97352882e+00   6   
0.00000000e+00   0   2.72299458e-02   1   2.68416251e+00   2   2.68419380e+00   3   2.68954597e+00   4   2.95399974e+00   5   2.95521614e+00   6   
0.00000000e+00   0   2.31302845e-02   1   2.66802527e+00   2   2.66804948e+00   3   2.67357275e+00   4   2.93713749e+00   5   2.93840840e+00   6   
0.00000000e+00   0   2.26622506e-02   1   2.63742711e+00   2   2.63744882e+00   3   2.64297536e+00   4   2.90552169e+00   5   2.90671738e+00   6   
0.00000000e+00   0   2.61402157e-02   1   2.62299386e+00   2   2.62301608e+00   3   2.62828108e+00   4   2.89019631e+00   5   2.89141912e+00   6   
