0.00000000e+00   4   3.10144390e+02   5   3.11424476e+02   6   
0.00000000e+00   4   2.44817834e+02   5   2.45740818e+02   6   
0.00000000e+00   4   1.97511330e+02   5   1.98269803e+02   6   
0.00000000e+00   4   1.63447184e+02   5   1.64052577e+02   6   
0.00000000e+00   4   1.35607896e+02   5   1.36103370e+02   6   
0.00000000e+00   4   1.00605180e+02   5   1.00957294e+02   6   
0.00000000e+00   4   8.62571905e+01   5   8.65610905e+01   6   
0.00000000e+00   4   6.38841568e+01   5   6.41012687e+01   6   
0.00000000e+00   4   4.76810815e+01   5   4.78458898e+01   6   
0.00000000e+00   4   3.78841081e+01   5   3.80145340e+01   6   
0.00000000e+00   4   3.06973406e+01   5   3.08003349e+01   6   
0.00000000e+00   4   2.51975516e+01   5   2.52849273e+01   6   
0.00000000e+00   4   2.14016447e+01   5   2.14758401e+01   6   
0.00000000e+00   4   1.59473060e+01   5   1.60007632e+01   6   
0.00000000e+00   4   1.24418042e+01   5   1.24836972e+01   6   
0.00000000e+00   4   1.01709912e+01   5   1.02029798e+01   6   
0.00000000e+00   4   8.34664961e+00   5   8.37425278e+00   6   
0.00000000e+00   4   7.07900941e+00   5   7.10214274e+00   6   
0.00000000e+00   4   6.11960963e+00   5   6.13960386e+00   6   
0.00000000e+00   4   5.33709821e+00   5   5.35447122e+00   6   
0.00000000e+00   4   4.70504764e+00   5   4.72042398e+00   6   
0.00000000e+00   4   4.18243203e+00   5   4.19681284e+00   6   
0.00000000e+00   4   3.78962324e+00   5   3.80266215e+00   6   
0.00000000e+00   4   3.45251777e+00   5   3.46440979e+00   6   
0.00000000e+00   4   3.17296367e+00   5   3.18359076e+00   6   
0.00000000e+00   4   2.63891860e+00   5   2.64835607e+00   6   
0.00000000e+00   4   2.31639549e+00   5   2.32485053e+00   6   
0.00000000e+00   4   2.04512550e+00   5   2.05267705e+00   6   
0.00000000e+00   4   1.84914085e+00   5   1.85601549e+00   6   
0.00000000e+00   4   1.67144446e+00   5   1.67763363e+00   6   
0.00000000e+00   4   1.53210734e+00   5   1.53780617e+00   6   
0.00000000e+00   4   1.41292120e+00   5   1.41837352e+00   6   
0.00000000e+00   4   1.31947621e+00   5   1.32458052e+00   6   
0.00000000e+00   4   1.24126814e+00   5   1.24605963e+00   6   
0.00000000e+00   4   1.16151149e+00   5   1.16604910e+00   6   
0.00000000e+00   4   1.09576049e+00   5   1.10013298e+00   6   
0.00000000e+00   4   1.05035337e+00   5   1.05448347e+00   6   
0.00000000e+00   4   9.97413366e-01   5   1.00140314e+00   6   
0.00000000e+00   4   9.54827224e-01   5   9.58619143e-01   6   
0.00000000e+00   4   9.21112004e-01   5   9.24768480e-01   6   
0.00000000e+00   4   8.87156760e-01   5   8.90678141e-01   6   
0.00000000e+00   4   8.49552456e-01   5   8.52957646e-01   6   
0.00000000e+00   4   8.23799922e-01   5   8.27116597e-01   6   
0.00000000e+00   4   8.01046508e-01   5   8.04239469e-01   6   
0.00000000e+00   4   7.74613961e-01   5   7.77695237e-01   6   
0.00000000e+00   4   7.53051858e-01   5   7.56113610e-01   6   
0.00000000e+00   4   7.34739735e-01   5   7.37697206e-01   6   
0.00000000e+00   4   7.13200599e-01   5   7.16105467e-01   6   
0.00000000e+00   4   6.92991256e-01   5   6.95785966e-01   6   
0.00000000e+00   4   6.80434947e-01   5   6.83147049e-01   6   
0.00000000e+00   4   6.66287951e-01   5   6.68974984e-01   6   
0.00000000e+00   4   6.55426591e-01   5   6.58102655e-01   6   
0.00000000e+00   4   6.37043343e-01   5   6.39603961e-01   6   
0.00000000e+00   4   6.25841821e-01   5   6.28360606e-01   6   
0.00000000e+00   4   6.13250563e-01   5   6.15756218e-01   6   
0.00000000e+00   4   6.04476141e-01   5   6.06927800e-01   6   
0.00000000e+00   4   5.94960691e-01   5   5.97371858e-01   6   
0.00000000e+00   4   5.84147962e-01   5   5.86539176e-01   6   
0.00000000e+00   4   5.73279981e-01   5   5.75598166e-01   6   
0.00000000e+00   4   5.66542581e-01   5   5.68801346e-01   6   
0.00000000e+00   4   5.47613492e-01   5   5.49823585e-01   6   
0.00000000e+00   4   5.28489859e-01   5   5.30616156e-01   6   
0.00000000e+00   4   5.15209762e-01   5   5.17291961e-01   6   
0.00000000e+00   4   4.98521822e-01   5   5.00528772e-01   6   
0.00000000e+00   4   4.85660132e-01   5   4.87603348e-01   6   
0.00000000e+00   4   4.73411690e-01   5   4.75305259e-01   6   
0.00000000e+00   4   4.51440319e-01   5   4.53235220e-01   6   
0.00000000e+00   4   4.32993414e-01   5   4.34719612e-01   6   
0.00000000e+00   4   4.19334043e-01   5   4.20990647e-01   6   
0.00000000e+00   4   4.08846551e-01   5   4.10426916e-01   6   
0.00000000e+00   4   3.95366910e-01   5   3.96896804e-01   6   
0.00000000e+00   4   3.85588540e-01   5   3.87067693e-01   6   
0.00000000e+00   4   3.76346278e-01   5   3.77821996e-01   6   
0.00000000e+00   4   3.69494126e-01   5   3.70916165e-01   6   
0.00000000e+00   4   3.55057570e-01   5   3.56412706e-01   6   
0.00000000e+00   4   3.43708671e-01   5   3.44996928e-01   6   
0.00000000e+00   4   3.34046296e-01   5   3.35303998e-01   6   
0.00000000e+00   4   3.25630174e-01   5   3.26866023e-01   6   
0.00000000e+00   4   3.18235336e-01   5   3.19482356e-01   6   
0.00000000e+00   4   3.11775924e-01   5   3.12912061e-01   6   
0.00000000e+00   4   3.06120170e-01   5   3.07216460e-01   6   
0.00000000e+00   4   3.00911780e-01   5   3.02058229e-01   6   
0.00000000e+00   4   2.96219298e-01   5   2.97364640e-01   6   
0.00000000e+00   4   2.92119517e-01   5   2.93240872e-01   6   
0.00000000e+00   4   2.83301057e-01   5   2.84370846e-01   6   
0.00000000e+00   4   2.76315518e-01   5   2.77344499e-01   6   
0.00000000e+00   4   2.70313049e-01   5   2.71325556e-01   6   
0.00000000e+00   4   2.65211772e-01   5   2.66204220e-01   6   
0.00000000e+00   4   2.60849924e-01   5   2.61817017e-01   6   
0.00000000e+00   4   2.56993973e-01   5   2.57931685e-01   6   
0.00000000e+00   4   2.53560530e-01   5   2.54506889e-01   6   
0.00000000e+00   4   2.50634108e-01   5   2.51561287e-01   6   
0.00000000e+00   4   2.47998514e-01   5   2.48916663e-01   6   
0.00000000e+00   4   2.45548950e-01   5   2.46455159e-01   6   
0.00000000e+00   4   2.43392718e-01   5   2.44290737e-01   6   
0.00000000e+00   4   2.41432013e-01   5   2.42313253e-01   6   
0.00000000e+00   4   2.34970433e-01   5   2.35844103e-01   6   
0.00000000e+00   4   2.28208391e-01   5   2.29017276e-01   6   
0.00000000e+00   4   2.21084492e-01   5   2.21893622e-01   6   
0.00000000e+00   4   2.16428577e-01   5   2.17229675e-01   6   
0.00000000e+00   4   2.13305832e-01   5   2.14096323e-01   6   
0.00000000e+00   4   2.11025861e-01   5   2.11794257e-01   6   
