0.00000000e+00   0   2.53684954e+01   1   1.26453600e+03   2   1.26461837e+03   3   1.28759634e+03   4   1.52370466e+03   5   1.52526237e+03   6   
0.00000000e+00   0   1.49366065e+01   1   7.27691901e+02   2   7.27732856e+02   3   7.37501262e+02   4   8.71355586e+02   5   8.71916393e+02   6   
0.00000000e+00   0   1.09137141e+01   1   4.59532627e+02   2   4.59556561e+02   3   4.64477485e+02   4   5.38784559e+02   5   5.38985576e+02   6   
0.00000000e+00   0   7.42373623e+00   1   3.10264305e+02   2   3.10279980e+02   3   3.13127077e+02   4   3.56726360e+02   5   3.56844375e+02   6   
0.00000000e+00   0   5.32861409e+00   1   2.20484120e+02   2   2.20495188e+02   3   2.22287306e+02   4   2.50859714e+02   5   2.50937689e+02   6   
0.00000000e+00   0   4.00339366e+00   1   1.63425204e+02   2   1.63433158e+02   3   1.64636795e+02   4   1.84308434e+02   5   1.84366852e+02   6   
0.00000000e+00   0   3.08601935e+00   1   1.25354681e+02   2   1.25360732e+02   3   1.26208901e+02   4   1.40924094e+02   5   1.40969047e+02   6   
0.00000000e+00   0   2.46324223e+00   1   9.90363500e+01   2   9.90411633e+01   3   9.96535353e+01   4   1.10661012e+02   5   1.10695727e+02   6   
0.00000000e+00   0   1.93711538e+00   1   8.01278235e+01   2   8.01308811e+01   3   8.05811593e+01   4   8.92149886e+01   5   8.92428929e+01   6   
0.00000000e+00   0   1.47243632e+00   1   6.61260910e+01   2   6.61286163e+01   3   6.64727239e+01   4   7.34539814e+01   5   7.34769736e+01   6   
0.00000000e+00   0   1.20021448e+00   1   5.55302463e+01   2   5.55322719e+01   3   5.58004986e+01   4   6.15977854e+01   5   6.16173358e+01   6   
0.00000000e+00   0   9.96431835e-01   1   4.74093493e+01   2   4.74109118e+01   3   4.76226785e+01   4   5.25002346e+01   5   5.25169379e+01   6   
0.00000000e+00   0   8.51219066e-01   1   4.10394305e+01   2   4.10408055e+01   3   4.12140734e+01   4   4.53687080e+01   5   4.53833614e+01   6   
0.00000000e+00   0   7.46216195e-01   1   3.59434099e+01   2   3.59444785e+01   3   3.60883589e+01   4   3.96950981e+01   5   3.97081251e+01   6   
0.00000000e+00   0   6.52034765e-01   1   3.17967838e+01   2   3.17977844e+01   3   3.19174418e+01   4   3.50759082e+01   5   3.50866362e+01   6   
0.00000000e+00   0   5.83446909e-01   1   2.84171439e+01   2   2.84178641e+01   3   2.85201751e+01   4   3.13115611e+01   5   3.13213254e+01   6   
0.00000000e+00   0   5.11566740e-01   1   2.56127972e+01   2   2.56135311e+01   3   2.57008157e+01   4   2.81944567e+01   5   2.82034013e+01   6   
0.00000000e+00   0   4.62878356e-01   1   2.32531485e+01   2   2.32537323e+01   3   2.33315444e+01   4   2.55774407e+01   5   2.55855478e+01   6   
0.00000000e+00   0   4.15411642e-01   1   2.12636328e+01   2   2.12641658e+01   3   2.13321058e+01   4   2.33681540e+01   5   2.33756522e+01   6   
0.00000000e+00   0   3.76156619e-01   1   1.95645659e+01   2   1.95650102e+01   3   1.96266096e+01   4   2.14843554e+01   5   2.14914919e+01   6   
0.00000000e+00   0   3.40270028e-01   1   1.81092691e+01   2   1.81096765e+01   3   1.81643595e+01   4   1.98717318e+01   5   1.98785049e+01   6   
0.00000000e+00   0   2.33034830e-01   1   1.31226317e+01   2   1.31229545e+01   3   1.31585163e+01   4   1.43537997e+01   5   1.43584645e+01   6   
0.00000000e+00   0   1.78194683e-01   1   1.04233369e+01   2   1.04234890e+01   3   1.04487004e+01   4   1.14035005e+01   5   1.14072638e+01   6   
0.00000000e+00   0   1.38041900e-01   1   8.66391840e+00   2   8.66404562e+00   3   8.68413068e+00   4   9.47132555e+00   5   9.47463583e+00   6   
0.00000000e+00   0   1.15633821e-01   1   7.49510336e+00   2   7.49520808e+00   3   7.51198466e+00   4   8.19506647e+00   5   8.19802101e+00   6   
0.00000000e+00   0   4.74503242e-02   1   4.26345734e+00   2   4.26348157e+00   3   4.27669121e+00   4   4.77093952e+00   5   4.77350140e+00   6   
0.00000000e+00   0   4.37487978e-02   1   4.10644799e+00   2   4.10646731e+00   3   4.11821284e+00   4   4.60119746e+00   5   4.60370927e+00   6   
0.00000000e+00   0   4.05222043e-02   1   3.97579297e+00   2   3.97580697e+00   3   3.98534212e+00   4   4.46236608e+00   5   4.46488071e+00   6   
0.00000000e+00   0   3.83883367e-02   1   3.86720087e+00   2   3.86721433e+00   3   3.87630161e+00   4   4.34527199e+00   5   4.34772745e+00   6   
0.00000000e+00   0   3.72154524e-02   1   3.76812202e+00   2   3.76813215e+00   3   3.77683271e+00   4   4.23972281e+00   5   4.24217442e+00   6   
0.00000000e+00   0   3.50621466e-02   1   3.67654499e+00   2   3.67655478e+00   3   3.68509699e+00   4   4.14009587e+00   5   4.14235048e+00   6   
0.00000000e+00   0   3.40447270e-02   1   3.59243567e+00   2   3.59244305e+00   3   3.60094206e+00   4   4.04946364e+00   5   4.05181466e+00   6   
0.00000000e+00   0   3.52900675e-02   1   3.51420743e+00   2   3.51421377e+00   3   3.52261587e+00   4   3.96525667e+00   5   3.96759389e+00   6   
0.00000000e+00   0   3.20328513e-02   1   3.44042190e+00   2   3.44042688e+00   3   3.44811677e+00   4   3.88466379e+00   5   3.88681053e+00   6   
0.00000000e+00   0   3.30370435e-02   1   3.37317595e+00   2   3.37318085e+00   3   3.38003156e+00   4   3.81456252e+00   5   3.81669923e+00   6   
0.00000000e+00   0   3.13586814e-02   1   3.31059477e+00   2   3.31059971e+00   3   3.31840072e+00   4   3.75067274e+00   5   3.75280424e+00   6   
0.00000000e+00   0   2.92021890e-02   1   3.25380024e+00   2   3.25380518e+00   3   3.26159215e+00   4   3.69318850e+00   5   3.69532460e+00   6   
0.00000000e+00   0   2.86990930e-02   1   3.19997355e+00   2   3.19997841e+00   3   3.20766972e+00   4   3.63921045e+00   5   3.64133980e+00   6   
0.00000000e+00   0   2.88017029e-02   1   3.14890266e+00   2   3.14890756e+00   3   3.15654972e+00   4   3.58633229e+00   5   3.58845871e+00   6   
0.00000000e+00   0   2.93262759e-02   1   3.09907976e+00   2   3.09908461e+00   3   3.10652080e+00   4   3.53193148e+00   5   3.53405136e+00   6   
0.00000000e+00   0   2.81729635e-02   1   3.05662792e+00   2   3.05663278e+00   3   3.06420900e+00   4   3.48997631e+00   5   3.49209232e+00   6   
0.00000000e+00   0   2.76459984e-02   1   3.01684184e+00   2   3.01684673e+00   3   3.02442459e+00   4   3.44958750e+00   5   3.45169904e+00   6   
0.00000000e+00   0   2.57442969e-02   1   2.98150040e+00   2   2.98150527e+00   3   2.98906296e+00   4   3.41481785e+00   5   3.41693446e+00   6   
0.00000000e+00   0   2.53397476e-02   1   2.94728568e+00   2   2.94729056e+00   3   2.95486467e+00   4   3.37943922e+00   5   3.38155783e+00   6   
0.00000000e+00   0   2.53521913e-02   1   2.91571044e+00   2   2.91571529e+00   3   2.92312285e+00   4   3.34645580e+00   5   3.34855808e+00   6   
0.00000000e+00   0   2.52153189e-02   1   2.88927166e+00   2   2.88927650e+00   3   2.89676899e+00   4   3.32064552e+00   5   3.32276245e+00   6   
0.00000000e+00   0   2.42314714e-02   1   2.85959159e+00   2   2.85959640e+00   3   2.86708487e+00   4   3.28739582e+00   5   3.28949308e+00   6   
0.00000000e+00   0   2.47507186e-02   1   2.83991623e+00   2   2.83992105e+00   3   2.84727482e+00   4   3.26898091e+00   5   3.27109101e+00   6   
0.00000000e+00   0   2.45644721e-02   1   2.81505188e+00   2   2.81506544e+00   3   2.82106592e+00   4   3.23806944e+00   5   3.24016316e+00   6   
0.00000000e+00   0   2.41030654e-02   1   2.81983352e+00   2   2.81983839e+00   3   2.82741269e+00   4   3.25428071e+00   5   3.25640664e+00   6   
0.00000000e+00   0   2.31006587e-02   1   2.87354730e+00   2   2.87355495e+00   3   2.88252243e+00   4   3.34535983e+00   5   3.34780510e+00   6   
0.00000000e+00   0   2.29916236e-02   1   2.88848151e+00   2   2.88849174e+00   3   2.89786537e+00   4   3.37197373e+00   5   3.37444345e+00   6   
0.00000000e+00   0   2.26459564e-02   1   2.89511496e+00   2   2.89512561e+00   3   2.90463646e+00   4   3.38733055e+00   5   3.38984180e+00   6   
0.00000000e+00   0   2.30648866e-02   1   2.89749651e+00   2   2.89750863e+00   3   2.90710146e+00   4   3.39661842e+00   5   3.39915673e+00   6   
0.00000000e+00   0   2.26344811e-02   1   2.89664037e+00   2   2.89665269e+00   3   2.90627026e+00   4   3.40050789e+00   5   3.40304992e+00   6   
0.00000000e+00   0   2.22404241e-02   1   2.89373103e+00   2   2.89374354e+00   3   2.90337949e+00   4   3.40086110e+00   5   3.40340542e+00   6   
0.00000000e+00   0   2.19475186e-02   1   2.89106276e+00   2   2.89107544e+00   3   2.90077089e+00   4   3.40156487e+00   5   3.40413688e+00   6   
0.00000000e+00   0   2.18817996e-02   1   2.88590135e+00   2   2.88591411e+00   3   2.89560852e+00   4   3.39837814e+00   5   3.40094890e+00   6   
0.00000000e+00   0   2.18551434e-02   1   2.88016719e+00   2   2.88018161e+00   3   2.88991615e+00   4   3.39462989e+00   5   3.39721234e+00   6   
0.00000000e+00   0   2.16351420e-02   1   2.87239448e+00   2   2.87240889e+00   3   2.88220718e+00   4   3.38845675e+00   5   3.39110721e+00   6   
0.00000000e+00   0   2.13356677e-02   1   2.86394792e+00   2   2.86396237e+00   3   2.87381981e+00   4   3.38152031e+00   5   3.38416903e+00   6   
0.00000000e+00   0   2.09562068e-02   1   2.85408074e+00   2   2.85409368e+00   3   2.86395707e+00   4   3.37252051e+00   5   3.37511504e+00   6   
0.00000000e+00   0   2.09491833e-02   1   2.84438231e+00   2   2.84439697e+00   3   2.85428941e+00   4   3.36380710e+00   5   3.36647042e+00   6   
0.00000000e+00   0   2.04419861e-02   1   2.83445358e+00   2   2.83446823e+00   3   2.84436212e+00   4   3.35450867e+00   5   3.35711046e+00   6   
0.00000000e+00   0   1.99836239e-02   1   2.82442047e+00   2   2.82443503e+00   3   2.83429016e+00   4   3.34455263e+00   5   3.34715361e+00   6   
0.00000000e+00   0   1.90390980e-02   1   2.81496626e+00   2   2.81498085e+00   3   2.82485812e+00   4   3.33545017e+00   5   3.33811506e+00   6   
0.00000000e+00   0   1.95394476e-02   1   2.80341076e+00   2   2.80342542e+00   3   2.81348242e+00   4   3.32305324e+00   5   3.32565513e+00   6   
0.00000000e+00   0   1.93272457e-02   1   2.79280279e+00   2   2.79281742e+00   3   2.80287105e+00   4   3.31215493e+00   5   3.31481160e+00   6   
0.00000000e+00   0   1.92901940e-02   1   2.78355396e+00   2   2.78356859e+00   3   2.79360950e+00   4   3.30323866e+00   5   3.30584303e+00   6   
0.00000000e+00   0   1.94425583e-02   1   2.77352562e+00   2   2.77354022e+00   3   2.78358074e+00   4   3.29306524e+00   5   3.29566602e+00   6   
0.00000000e+00   0   1.82283315e-02   1   2.76373572e+00   2   2.76375034e+00   3   2.77386097e+00   4   3.28340181e+00   5   3.28605879e+00   6   
0.00000000e+00   0   1.86693413e-02   1   2.75486763e+00   2   2.75488227e+00   3   2.76469708e+00   4   3.27430362e+00   5   3.27695646e+00   6   
0.00000000e+00   0   1.81725831e-02   1   2.74564541e+00   2   2.74566000e+00   3   2.75551259e+00   4   3.26509236e+00   5   3.26769546e+00   6   
0.00000000e+00   0   1.77274557e-02   1   2.73677198e+00   2   2.73678652e+00   3   2.74681539e+00   4   3.25560933e+00   5   3.25826352e+00   6   
0.00000000e+00   0   1.86613020e-02   1   2.72856812e+00   2   2.72858276e+00   3   2.73863892e+00   4   3.24737797e+00   5   3.24997540e+00   6   
0.00000000e+00   0   1.85016837e-02   1   2.72134151e+00   2   2.72135617e+00   3   2.73146800e+00   4   3.24018426e+00   5   3.24284047e+00   6   
0.00000000e+00   0   1.83007881e-02   1   2.71286670e+00   2   2.71288125e+00   3   2.72271385e+00   4   3.23128719e+00   5   3.23394025e+00   6   
0.00000000e+00   0   1.78202639e-02   1   2.69571482e+00   2   2.69572927e+00   3   2.70561665e+00   4   3.21358083e+00   5   3.21623493e+00   6   
