0.00000000e+00   0   1.81548868e+01   1   7.24862555e+02   2   7.25629432e+02   3   7.48169723e+02   4   9.20400749e+02   5   9.20753329e+02   6   
0.00000000e+00   0   1.41161341e+01   1   5.75711542e+02   2   5.76263010e+02   3   5.89490712e+02   4   7.10557522e+02   5   7.10797718e+02   6   
0.00000000e+00   0   1.15686075e+01   1   4.64097756e+02   2   4.64533665e+02   3   4.73291196e+02   4   5.57978462e+02   5   5.58149850e+02   6   
0.00000000e+00   0   9.23448483e+00   1   3.83301065e+02   2   3.83646047e+02   3   3.89908919e+02   4   4.52828394e+02   5   4.52958337e+02   6   
0.00000000e+00   0   7.85022265e+00   1   3.21484738e+02   2   3.21755457e+02   3   3.26433582e+02   4   3.74593892e+02   5   3.74700577e+02   6   
0.00000000e+00   0   7.30202557e+00   1   2.73828562e+02   2   2.74055433e+02   3   2.77638571e+02   4   3.15420428e+02   5   3.15506975e+02   6   
0.00000000e+00   0   6.33063839e+00   1   2.35021104e+02   2   2.35213675e+02   3   2.38019320e+02   4   2.68976339e+02   5   2.69047632e+02   6   
0.00000000e+00   0   5.18356042e+00   1   2.04408882e+02   2   2.04569614e+02   3   2.06852591e+02   4   2.32316172e+02   5   2.32375681e+02   6   
0.00000000e+00   0   4.88271221e+00   1   1.79309335e+02   2   1.79448154e+02   3   1.81316300e+02   4   2.02913089e+02   5   2.02965123e+02   6   
0.00000000e+00   0   4.19736036e+00   1   1.58731518e+02   2   1.58854632e+02   3   1.60416705e+02   4   1.78856413e+02   5   1.78903166e+02   6   
0.00000000e+00   0   3.78212476e+00   1   1.41440598e+02   2   1.41549449e+02   3   1.42855173e+02   4   1.58906739e+02   5   1.58947990e+02   6   
0.00000000e+00   0   3.17324696e+00   1   1.14573488e+02   2   1.14662646e+02   3   1.15787661e+02   4   1.29055715e+02   5   1.29092288e+02   6   
0.00000000e+00   0   2.89864571e+00   1   1.03647953e+02   2   1.03728745e+02   3   1.04684526e+02   4   1.16367263e+02   5   1.16399939e+02   6   
0.00000000e+00   0   3.02473058e+00   1   1.09309945e+02   2   1.09389926e+02   3   1.10278148e+02   4   1.21874165e+02   5   1.21907267e+02   6   
0.00000000e+00   0   2.57091248e+00   1   9.44349612e+01   2   9.45075457e+01   3   9.53380161e+01   4   1.05626800e+02   5   1.05656418e+02   6   
0.00000000e+00   0   2.34575367e+00   1   8.63172320e+01   2   8.63846078e+01   3   8.70939507e+01   4   9.61977201e+01   5   9.62254040e+01   6   
0.00000000e+00   0   2.37773780e+00   1   8.74488184e+01   2   8.75115148e+01   3   8.81387778e+01   4   9.68763917e+01   5   9.69036122e+01   6   
0.00000000e+00   0   1.90274956e+00   1   7.27250646e+01   2   7.27793040e+01   3   7.33371081e+01   4   8.08029950e+01   5   8.08264149e+01   6   
0.00000000e+00   0   1.86487611e+00   1   6.72623879e+01   2   6.73126150e+01   3   6.78022659e+01   4   7.45274055e+01   5   7.45500926e+01   6   
0.00000000e+00   0   1.94963075e+00   1   7.16599277e+01   2   7.17115550e+01   3   7.21732537e+01   4   7.90564242e+01   5   7.90791531e+01   6   
0.00000000e+00   0   1.67858866e+00   1   6.24359413e+01   2   6.24823540e+01   3   6.29129894e+01   4   6.91046796e+01   5   6.91249468e+01   6   
0.00000000e+00   0   1.63229692e+00   1   6.00431344e+01   2   6.00847683e+01   3   6.04363943e+01   4   6.60252001e+01   5   6.60435307e+01   6   
0.00000000e+00   0   1.49149852e+00   1   5.62915868e+01   2   5.63308985e+01   3   5.66523596e+01   4   6.17661356e+01   5   6.17833892e+01   6   
0.00000000e+00   0   1.40847798e+00   1   5.28473522e+01   2   5.28842829e+01   3   5.31765132e+01   4   5.79461651e+01   5   5.79617374e+01   6   
0.00000000e+00   0   1.34255811e+00   1   5.12291571e+01   2   5.12653192e+01   3   5.15439283e+01   4   5.61309874e+01   5   5.61462599e+01   6   
0.00000000e+00   0   1.21228877e+00   1   4.51796756e+01   2   4.52137827e+01   3   4.54737425e+01   4   4.96036438e+01   5   4.96188215e+01   6   
0.00000000e+00   0   1.09289791e+00   1   4.26666478e+01   2   4.26990062e+01   3   4.29371201e+01   4   4.67835693e+01   5   4.67977428e+01   6   
0.00000000e+00   0   9.98476556e-01   1   3.83211453e+01   2   3.83487960e+01   3   3.85490951e+01   4   4.18955957e+01   5   4.19080882e+01   6   
0.00000000e+00   0   9.38226219e-01   1   3.64433271e+01   2   3.64697460e+01   3   3.66569013e+01   4   3.97955417e+01   5   3.98072593e+01   6   
0.00000000e+00   0   8.86179712e-01   1   3.47460592e+01   2   3.47713159e+01   3   3.49387794e+01   4   3.78810874e+01   5   3.78919787e+01   6   
0.00000000e+00   0   8.56272653e-01   1   3.30974009e+01   2   3.31213327e+01   3   3.32783805e+01   4   3.60919168e+01   5   3.61022026e+01   6   
0.00000000e+00   0   7.52779394e-01   1   3.02824929e+01   2   3.03048248e+01   3   3.04398607e+01   4   3.29655760e+01   5   3.29749239e+01   6   
0.00000000e+00   0   7.59010438e-01   1   2.90025570e+01   2   2.90239259e+01   3   2.91490671e+01   4   3.15363663e+01   5   3.15466079e+01   6   
0.00000000e+00   0   7.40939175e-01   1   2.78396441e+01   2   2.78600134e+01   3   2.79762616e+01   4   3.02407516e+01   5   3.02503320e+01   6   
0.00000000e+00   0   7.12488087e-01   1   2.67122498e+01   2   2.67318790e+01   3   2.68412627e+01   4   2.89955058e+01   5   2.90049475e+01   6   
0.00000000e+00   0   6.25739148e-01   1   2.47728522e+01   2   2.47912886e+01   3   2.48881924e+01   4   2.68579376e+01   5   2.68669471e+01   6   
0.00000000e+00   0   6.09152800e-01   1   2.31158100e+01   2   2.31331085e+01   3   2.32183690e+01   4   2.50423987e+01   5   2.50501147e+01   6   
0.00000000e+00   0   5.46568974e-01   1   2.23786397e+01   2   2.23954901e+01   3   2.24764932e+01   4   2.42172410e+01   5   2.42248690e+01   6   
0.00000000e+00   0   4.87718061e-01   1   1.85788794e+01   2   1.85929989e+01   3   1.86524104e+01   4   2.00320358e+01   5   2.00374056e+01   6   
0.00000000e+00   0   4.44448577e-01   1   1.77966336e+01   2   1.78096933e+01   3   1.78592445e+01   4   1.91614686e+01   5   1.91662777e+01   6   
0.00000000e+00   0   3.47572621e-01   1   1.42803760e+01   2   1.42914248e+01   3   1.43220604e+01   4   1.53843649e+01   5   1.53883785e+01   6   
0.00000000e+00   0   2.87697691e-01   1   1.19650751e+01   2   1.19745517e+01   3   1.20037999e+01   4   1.30600060e+01   5   1.30628537e+01   6   
0.00000000e+00   0   2.53284896e-01   1   1.03699429e+01   2   1.03782612e+01   3   1.04014082e+01   4   1.11445544e+01   5   1.11474739e+01   6   
0.00000000e+00   0   2.23885417e-01   1   9.18622118e+00   2   9.19372727e+00   3   9.21374439e+00   4   9.88574300e+00   5   9.88842005e+00   6   
0.00000000e+00   0   1.82780431e-01   1   7.73717778e+00   2   7.74433376e+00   3   7.76287051e+00   4   8.31789680e+00   5   8.32020240e+00   6   
0.00000000e+00   0   1.69525096e-01   1   7.11234640e+00   2   7.11899959e+00   3   7.13411998e+00   4   7.63976715e+00   5   7.64189679e+00   6   
0.00000000e+00   0   1.60312691e-01   1   7.29342537e+00   2   7.29974930e+00   3   7.31498360e+00   4   7.85032684e+00   5   7.85252216e+00   6   
0.00000000e+00   0   1.53327302e-01   1   6.55325400e+00   2   6.55950950e+00   3   6.57374857e+00   4   7.04541885e+00   5   7.04739513e+00   6   
0.00000000e+00   0   1.43234244e-01   1   6.17930362e+00   2   6.18576297e+00   3   6.19840061e+00   4   6.64274808e+00   5   6.64463301e+00   6   
0.00000000e+00   0   1.37762312e-01   1   6.18566302e+00   2   6.19125562e+00   3   6.20466058e+00   4   6.66371609e+00   5   6.66563336e+00   6   
0.00000000e+00   0   1.22942494e-01   1   5.45668864e+00   2   5.46175478e+00   3   5.47417822e+00   4   5.88741891e+00   5   5.88908012e+00   6   
0.00000000e+00   0   1.09751295e-01   1   4.94354926e+00   2   4.94824304e+00   3   4.95993948e+00   4   5.34074276e+00   5   5.34230755e+00   6   
0.00000000e+00   0   9.19286179e-02   1   4.26861129e+00   2   4.27283486e+00   3   4.28336402e+00   4   4.62311785e+00   5   4.62451856e+00   6   
0.00000000e+00   0   8.00224886e-02   1   3.84029824e+00   2   3.84417038e+00   3   3.85300692e+00   4   4.16836546e+00   5   4.16963102e+00   6   
0.00000000e+00   0   7.26221442e-02   1   3.54394999e+00   2   3.54761552e+00   3   3.55571408e+00   4   3.85347300e+00   5   3.85469039e+00   6   
0.00000000e+00   0   6.63847065e-02   1   3.32565010e+00   2   3.32917319e+00   3   3.33709500e+00   4   3.65516015e+00   5   3.65633353e+00   6   
0.00000000e+00   0   6.21639590e-02   1   3.15773207e+00   2   3.16112627e+00   3   3.16835376e+00   4   3.46319793e+00   5   3.46431880e+00   6   
0.00000000e+00   0   5.78501691e-02   1   3.02675765e+00   2   3.03000950e+00   3   3.03757003e+00   4   3.31318742e+00   5   3.31427278e+00   6   
0.00000000e+00   0   4.76546850e-02   1   2.67887471e+00   2   2.68183001e+00   3   2.68742382e+00   4   2.93735967e+00   5   2.93829230e+00   6   
0.00000000e+00   0   4.36367313e-02   1   2.40956633e+00   2   2.41237143e+00   3   2.41831165e+00   4   2.65288347e+00   5   2.65380174e+00   6   
0.00000000e+00   0   4.23878281e-02   1   2.27905180e+00   2   2.28176482e+00   3   2.28739789e+00   4   2.51695340e+00   5   2.51786046e+00   6   
0.00000000e+00   0   3.74204415e-02   1   2.18842738e+00   2   2.19106496e+00   3   2.19694174e+00   4   2.42237127e+00   5   2.42326273e+00   6   
0.00000000e+00   0   3.52949781e-02   1   2.12148808e+00   2   2.12405961e+00   3   2.12941675e+00   4   2.35122030e+00   5   2.35210837e+00   6   
0.00000000e+00   0   3.39041288e-02   1   2.06951588e+00   2   2.07204550e+00   3   2.07748208e+00   4   2.29748247e+00   5   2.29836695e+00   6   
0.00000000e+00   0   3.38552630e-02   1   2.02791187e+00   2   2.03042344e+00   3   2.03574305e+00   4   2.25447404e+00   5   2.25534284e+00   6   
0.00000000e+00   0   3.51117551e-02   1   1.99333555e+00   2   1.99583354e+00   3   2.00080635e+00   4   2.21928583e+00   5   2.22013425e+00   6   
0.00000000e+00   0   3.31136300e-02   1   1.96450923e+00   2   1.96699081e+00   3   1.97199774e+00   4   2.18804911e+00   5   2.18892718e+00   6   
0.00000000e+00   0   3.49133359e-02   1   1.94219856e+00   2   1.94465549e+00   3   1.94975524e+00   4   2.16652888e+00   5   2.16738754e+00   6   
