0.00000000e+00   0   2.95280222e+01   1   1.20290242e+03   2   1.20410806e+03   3   1.23808746e+03   4   1.49302269e+03   5   1.49368444e+03   6   
0.00000000e+00   0   2.28920138e+01   1   9.12114352e+02   2   9.12950180e+02   3   9.31175638e+02   4   1.11901729e+03   5   1.11954270e+03   6   
0.00000000e+00   0   1.89743336e+01   1   7.09763337e+02   2   7.10372289e+02   3   7.22081650e+02   4   8.57582857e+02   5   8.57980545e+02   6   
0.00000000e+00   0   1.51920573e+01   1   5.59894531e+02   2   5.60367339e+02   3   5.68497992e+02   4   6.70337425e+02   5   6.70649791e+02   6   
0.00000000e+00   0   1.22373567e+01   1   4.53746532e+02   2   4.54121898e+02   3   4.60001006e+02   4   5.36241087e+02   5   5.36468781e+02   6   
0.00000000e+00   0   1.01713592e+01   1   3.70551228e+02   2   3.70846871e+02   3   3.75347071e+02   4   4.33040304e+02   5   4.33222727e+02   6   
0.00000000e+00   0   8.58520704e+00   1   3.08385437e+02   2   3.08626291e+02   3   3.12105200e+02   4   3.57108628e+02   5   3.57255286e+02   6   
0.00000000e+00   0   7.57044860e+00   1   2.59421213e+02   2   2.59622679e+02   3   2.62371027e+02   4   2.98188266e+02   5   2.98306100e+02   6   
0.00000000e+00   0   6.13815572e+00   1   2.21293085e+02   2   2.21466759e+02   3   2.23736458e+02   4   2.52891536e+02   5   2.52990188e+02   6   
0.00000000e+00   0   5.61138421e+00   1   1.90450008e+02   2   1.90594703e+02   3   1.92441034e+02   4   2.16895796e+02   5   2.16976894e+02   6   
0.00000000e+00   0   4.75352084e+00   1   1.65851203e+02   2   1.65975547e+02   3   1.67467370e+02   4   1.87618765e+02   5   1.87685266e+02   6   
0.00000000e+00   0   4.21530327e+00   1   1.44912293e+02   2   1.45021719e+02   3   1.46299160e+02   4   1.63567655e+02   5   1.63625091e+02   6   
0.00000000e+00   0   3.83543092e+00   1   1.27962361e+02   2   1.28055823e+02   3   1.29125465e+02   4   1.43904071e+02   5   1.43954001e+02   6   
0.00000000e+00   0   3.37367400e+00   1   1.14094469e+02   2   1.14181515e+02   3   1.15109767e+02   4   1.28129424e+02   5   1.28172709e+02   6   
0.00000000e+00   0   2.88569456e+00   1   1.01875154e+02   2   1.01950199e+02   3   1.02747263e+02   4   1.14071811e+02   5   1.14109842e+02   6   
0.00000000e+00   0   2.72749954e+00   1   9.23910913e+01   2   9.24588347e+01   3   9.31590175e+01   4   1.03062224e+02   5   1.03096379e+02   6   
0.00000000e+00   0   2.38555879e+00   1   8.29332296e+01   2   8.29942429e+01   3   8.35875432e+01   4   9.24692241e+01   5   9.25002478e+01   6   
0.00000000e+00   0   2.23390753e+00   1   7.55863689e+01   2   7.56431629e+01   3   7.61720490e+01   4   8.41405836e+01   5   8.41678773e+01   6   
0.00000000e+00   0   1.97771492e+00   1   6.87094924e+01   2   6.87609138e+01   3   6.92223560e+01   4   7.62961510e+01   5   7.63211915e+01   6   
0.00000000e+00   0   1.84458035e+00   1   6.29744156e+01   2   6.30214265e+01   3   6.34337804e+01   4   6.98633340e+01   5   6.98861531e+01   6   
0.00000000e+00   0   1.71080551e+00   1   5.80774855e+01   2   5.81221165e+01   3   5.84864208e+01   4   6.43626859e+01   5   6.43833358e+01   6   
0.00000000e+00   0   1.56671417e+00   1   5.35837511e+01   2   5.36250618e+01   3   5.39578313e+01   4   5.93215649e+01   5   5.93406910e+01   6   
0.00000000e+00   0   1.39088642e+00   1   4.96723422e+01   2   4.97104735e+01   3   5.00055837e+01   4   5.49733317e+01   5   5.49907479e+01   6   
0.00000000e+00   0   1.34618852e+00   1   4.65019973e+01   2   4.65381254e+01   3   4.68006019e+01   4   5.13216732e+01   5   5.13381604e+01   6   
0.00000000e+00   0   1.25363613e+00   1   4.33148514e+01   2   4.33472841e+01   3   4.35927206e+01   4   4.78029585e+01   5   4.78181810e+01   6   
0.00000000e+00   0   1.16221073e+00   1   4.04853081e+01   2   4.05159272e+01   3   4.07371692e+01   4   4.46618604e+01   5   4.46756037e+01   6   
0.00000000e+00   0   1.05501213e+00   1   3.79380079e+01   2   3.79678830e+01   3   3.81677569e+01   4   4.18351908e+01   5   4.18481327e+01   6   
0.00000000e+00   0   1.00703881e+00   1   3.57575041e+01   2   3.57845911e+01   3   3.59735745e+01   4   3.93997924e+01   5   3.94120969e+01   6   
0.00000000e+00   0   9.31986428e-01   1   3.38219321e+01   2   3.38477501e+01   3   3.40183521e+01   4   3.72094134e+01   5   3.72208080e+01   6   
0.00000000e+00   0   8.87286580e-01   1   3.19187195e+01   2   3.19432454e+01   3   3.21015606e+01   4   3.50893854e+01   5   3.51003169e+01   6   
0.00000000e+00   0   8.39707107e-01   1   3.02405254e+01   2   3.02637652e+01   3   3.04129925e+01   4   3.32278697e+01   5   3.32392358e+01   6   
0.00000000e+00   0   7.91101491e-01   1   2.86844794e+01   2   2.87068244e+01   3   2.88418992e+01   4   3.14970911e+01   5   3.15078331e+01   6   
0.00000000e+00   0   7.18662536e-01   1   2.72519025e+01   2   2.72734379e+01   3   2.74011353e+01   4   2.99186283e+01   5   2.99285851e+01   6   
0.00000000e+00   0   7.24972752e-01   1   2.60330464e+01   2   2.60535016e+01   3   2.61711235e+01   4   2.85412868e+01   5   2.85507545e+01   6   
0.00000000e+00   0   6.62572412e-01   1   2.48594549e+01   2   2.48791493e+01   3   2.49894419e+01   4   2.72448117e+01   5   2.72537699e+01   6   
0.00000000e+00   0   6.22161932e-01   1   2.37634341e+01   2   2.37824311e+01   3   2.38874455e+01   4   2.60404912e+01   5   2.60491636e+01   6   
0.00000000e+00   0   6.18781978e-01   1   2.26495015e+01   2   2.26676701e+01   3   2.27648642e+01   4   2.47996897e+01   5   2.48073385e+01   6   
0.00000000e+00   0   5.62424859e-01   1   2.18016593e+01   2   2.18192836e+01   3   2.19119893e+01   4   2.38686405e+01   5   2.38758033e+01   6   
0.00000000e+00   0   5.43990375e-01   1   2.09184039e+01   2   2.09355490e+01   3   2.10233365e+01   4   2.29016473e+01   5   2.29085900e+01   6   
0.00000000e+00   0   5.36986323e-01   1   2.01211758e+01   2   2.01376212e+01   3   2.02202625e+01   4   2.20186797e+01   5   2.20252688e+01   6   
0.00000000e+00   0   5.01465020e-01   1   1.94537339e+01   2   1.94697145e+01   3   1.95490225e+01   4   2.12634770e+01   5   2.12697716e+01   6   
0.00000000e+00   0   4.24748276e-01   1   1.64037885e+01   2   1.64179341e+01   3   1.64823936e+01   4   1.79249550e+01   5   1.79304086e+01   6   
0.00000000e+00   0   3.57516161e-01   1   1.41450423e+01   2   1.41575291e+01   3   1.42094428e+01   4   1.54262674e+01   5   1.54307944e+01   6   
0.00000000e+00   0   2.74395755e-01   1   1.12496454e+01   2   1.12599178e+01   3   1.13003424e+01   4   1.22156824e+01   5   1.22190840e+01   6   
0.00000000e+00   0   2.22607256e-01   1   9.33485948e+00   2   9.34366304e+00   3   9.37542454e+00   4   1.01298750e+01   5   1.01326512e+01   6   
0.00000000e+00   0   1.86884736e-01   1   8.10957873e+00   2   8.11736829e+00   3   8.14357315e+00   4   8.80059632e+00   5   8.80302233e+00   6   
0.00000000e+00   0   1.61217712e-01   1   7.17036830e+00   2   7.17746574e+00   3   7.20054150e+00   4   7.78053787e+00   5   7.78254484e+00   6   
0.00000000e+00   0   1.47714490e-01   1   6.48105552e+00   2   6.48757133e+00   3   6.50863302e+00   4   7.03656100e+00   5   7.03849014e+00   6   
0.00000000e+00   0   1.41047406e-01   1   5.89753638e+00   2   5.90386362e+00   3   5.92529126e+00   4   6.40932510e+00   5   6.41107555e+00   6   
0.00000000e+00   0   1.20982894e-01   1   5.49569040e+00   2   5.50145438e+00   3   5.52329666e+00   4   5.99666126e+00   5   5.99982963e+00   6   
0.00000000e+00   0   1.14465442e-01   1   5.19332638e+00   2   5.19910602e+00   3   5.21602917e+00   4   5.85356185e+00   5   5.86068659e+00   6   
0.00000000e+00   0   1.09151768e-01   1   4.90241814e+00   2   4.90792728e+00   3   4.92449361e+00   4   5.58901155e+00   5   5.59685038e+00   6   
0.00000000e+00   0   9.08703797e-02   1   4.38313820e+00   2   4.38836827e+00   3   4.40331940e+00   4   4.98912454e+00   5   4.99520418e+00   6   
0.00000000e+00   0   8.09587311e-02   1   4.01126475e+00   2   4.01634727e+00   3   4.03201150e+00   4   4.54508107e+00   5   4.54983303e+00   6   
0.00000000e+00   0   6.86213433e-02   1   3.54878958e+00   2   3.55405825e+00   3   3.56656127e+00   4   4.14449041e+00   5   4.14846948e+00   6   
0.00000000e+00   0   6.02719464e-02   1   3.25245446e+00   2   3.25788303e+00   3   3.27091954e+00   4   3.88049647e+00   5   3.88492135e+00   6   
0.00000000e+00   0   5.53545444e-02   1   3.05279976e+00   2   3.05843524e+00   3   3.07179942e+00   4   3.73296350e+00   5   3.73812973e+00   6   
0.00000000e+00   0   5.08191540e-02   1   2.92940896e+00   2   2.93558774e+00   3   2.95013389e+00   4   3.74072984e+00   5   3.74797838e+00   6   
0.00000000e+00   0   4.62923673e-02   1   2.85308146e+00   2   2.85959181e+00   3   2.87463401e+00   4   3.74587666e+00   5   3.75455222e+00   6   
0.00000000e+00   0   4.61604932e-02   1   2.79312122e+00   2   2.79994081e+00   3   2.81589311e+00   4   3.80712424e+00   5   3.81834234e+00   6   
0.00000000e+00   0   4.34971625e-02   1   2.73991306e+00   2   2.74689565e+00   3   2.76365584e+00   4   3.80723933e+00   5   3.81961345e+00   6   
0.00000000e+00   0   4.34374023e-02   1   2.70581019e+00   2   2.71317757e+00   3   2.73093768e+00   4   3.93094058e+00   5   3.94722700e+00   6   
0.00000000e+00   0   4.28904317e-02   1   2.67352215e+00   2   2.68109937e+00   3   2.69959903e+00   4   4.05044115e+00   5   4.07141079e+00   6   
0.00000000e+00   0   3.83921609e-02   1   2.65189844e+00   2   2.65988487e+00   3   2.67926700e+00   4   4.27119049e+00   5   4.30134165e+00   6   
0.00000000e+00   0   3.75226622e-02   1   2.64420664e+00   2   2.65272091e+00   3   2.67351948e+00   4   4.71085790e+00   5   4.75858804e+00   6   
0.00000000e+00   0   3.61238158e-02   1   2.57413483e+00   2   2.58364198e+00   3   2.60755424e+00   4   7.76041300e+00   5   8.56060267e+00   6   
0.00000000e+00   0   3.32397976e-02   1   2.47760143e+00   2   2.48673488e+00   3   2.50924723e+00   4   5.40506039e+00   5   5.51873087e+00   6   
0.00000000e+00   0   9.38070230e-02   1   2.50364703e+00   2   2.51302207e+00   3   2.53712245e+00   4   8.44648303e+00   5   1.14066962e+01   6   
0.00000000e+00   0   1.34542888e-01   1   2.50229530e+00   2   2.51183103e+00   3   2.53589553e+00   4   8.49184985e+00   5   1.14153187e+01   6   
