0.00000000e+00   0   2.36012387e+01   1   9.54629597e+02   2   9.55720275e+02   3   9.80173328e+02   4   1.21309500e+03   5   1.21367102e+03   6   
0.00000000e+00   0   1.86011087e+01   1   7.43027972e+02   2   7.43830875e+02   3   7.59033502e+02   4   9.31809577e+02   5   9.32247058e+02   6   
0.00000000e+00   0   1.55953889e+01   1   5.91635824e+02   2   5.92249468e+02   3   6.02524084e+02   4   7.31190523e+02   5   7.31526842e+02   6   
0.00000000e+00   0   1.26857951e+01   1   4.74857821e+02   2   4.75328949e+02   3   4.82912073e+02   4   5.81100921e+02   5   5.81384374e+02   6   
0.00000000e+00   0   1.02081212e+01   1   3.92636667e+02   2   3.93015759e+02   3   3.98686602e+02   4   4.73027244e+02   5   4.73247983e+02   6   
0.00000000e+00   0   8.87187482e+00   1   3.27120602e+02   2   3.27428676e+02   3   3.31834155e+02   4   3.88543339e+02   5   3.88718202e+02   6   
0.00000000e+00   0   7.82967770e+00   1   2.77320639e+02   2   2.77574702e+02   3   2.80992441e+02   4   3.26085815e+02   5   3.26227464e+02   6   
0.00000000e+00   0   6.55680402e+00   1   2.35839501e+02   2   2.36048813e+02   3   2.38824855e+02   4   2.74922176e+02   5   2.75039019e+02   6   
0.00000000e+00   0   5.78863345e+00   1   2.03248754e+02   2   2.03427319e+02   3   2.05713692e+02   4   2.35928648e+02   5   2.36025818e+02   6   
0.00000000e+00   0   5.03136681e+00   1   1.76933720e+02   2   1.77083893e+02   3   1.78987408e+02   4   2.03960681e+02   5   2.04038250e+02   6   
0.00000000e+00   0   3.55419182e+00   1   1.28525392e+02   2   1.28630562e+02   3   1.29870234e+02   4   1.46842188e+02   5   1.46900898e+02   6   
0.00000000e+00   0   2.87805343e+00   1   9.78279246e+01   2   9.79052067e+01   3   9.87532909e+01   4   1.11054325e+02   5   1.11096215e+02   6   
0.00000000e+00   0   2.21541656e+00   1   7.68846361e+01   2   7.69448673e+01   3   7.75508244e+01   4   8.66920024e+01   5   8.67260468e+01   6   
0.00000000e+00   0   1.74728297e+00   1   6.20181250e+01   2   6.20657931e+01   3   6.25060195e+01   4   6.97006448e+01   5   6.97259255e+01   6   
0.00000000e+00   0   1.54374402e+00   1   5.71477136e+01   2   5.71914620e+01   3   5.76012723e+01   4   6.41647668e+01   5   6.41889582e+01   6   
0.00000000e+00   0   1.45700377e+00   1   5.30812252e+01   2   5.31226410e+01   3   5.34825950e+01   4   5.94719009e+01   5   5.94940358e+01   6   
0.00000000e+00   0   1.21458779e+00   1   4.31273310e+01   2   4.31612153e+01   3   4.34234855e+01   4   4.81293900e+01   5   4.81470621e+01   6   
0.00000000e+00   0   9.99676254e-01   1   3.70379891e+01   2   3.70666986e+01   3   3.72788275e+01   4   4.12219969e+01   5   4.12364914e+01   6   
0.00000000e+00   0   8.41499973e-01   1   3.21189758e+01   2   3.21444003e+01   3   3.23196414e+01   4   3.56668052e+01   5   3.56792469e+01   6   
0.00000000e+00   0   6.86340074e-01   1   2.56227354e+01   2   2.56436346e+01   3   2.57709149e+01   4   2.83753239e+01   5   2.83847409e+01   6   
0.00000000e+00   0   5.43481832e-01   1   2.07920590e+01   2   2.08095747e+01   3   2.09049968e+01   4   2.29443049e+01   5   2.29518337e+01   6   
0.00000000e+00   0   3.71208207e-01   1   1.50253286e+01   2   1.50386279e+01   3   1.50984867e+01   4   1.64942494e+01   5   1.64994781e+01   6   
0.00000000e+00   0   2.94477710e-01   1   1.18206066e+01   2   1.18313175e+01   3   1.18757044e+01   4   1.29254193e+01   5   1.29292088e+01   6   
0.00000000e+00   0   2.24427599e-01   1   9.82469318e+00   2   9.83383049e+00   3   9.86820945e+00   4   1.07269760e+01   5   1.07300985e+01   6   
0.00000000e+00   0   1.94035244e-01   1   8.46654855e+00   2   8.47468429e+00   3   8.50323317e+00   4   9.24694103e+00   5   9.24962187e+00   6   
0.00000000e+00   0   1.75437617e-01   1   7.50134308e+00   2   7.50867997e+00   3   7.53408818e+00   4   8.20209148e+00   5   8.20443514e+00   6   
0.00000000e+00   0   1.25354266e-01   1   5.57395968e+00   2   5.58002229e+00   3   5.59834472e+00   4   6.07843391e+00   5   6.08007277e+00   6   
0.00000000e+00   0   1.08098520e-01   1   5.16341457e+00   2   5.16934419e+00   3   5.18614407e+00   4   5.90770030e+00   5   5.91373407e+00   6   
0.00000000e+00   0   8.77315881e-02   1   4.29646329e+00   2   4.30162263e+00   3   4.31635320e+00   4   4.89305316e+00   5   4.89702718e+00   6   
0.00000000e+00   0   8.01753894e-02   1   3.86596522e+00   2   3.87068812e+00   3   3.88434074e+00   4   4.38869320e+00   5   4.39173227e+00   6   
0.00000000e+00   0   6.82632279e-02   1   3.49228263e+00   2   3.49739756e+00   3   3.50955533e+00   4   4.06053300e+00   5   4.06415136e+00   6   
0.00000000e+00   0   6.00125761e-02   1   3.20932178e+00   2   3.21452744e+00   3   3.22737709e+00   4   3.80394367e+00   5   3.80791760e+00   6   
0.00000000e+00   0   5.47616340e-02   1   3.01275037e+00   2   3.01826454e+00   3   3.03130990e+00   4   3.65794872e+00   5   3.66256254e+00   6   
0.00000000e+00   0   4.99901952e-02   1   2.87959047e+00   2   2.88531564e+00   3   2.89898244e+00   4   3.57499165e+00   5   3.58036777e+00   6   
0.00000000e+00   0   4.84518685e-02   1   2.82181852e+00   2   2.82808409e+00   3   2.84329184e+00   4   3.65156470e+00   5   3.65903185e+00   6   
0.00000000e+00   0   4.57898016e-02   1   2.75661494e+00   2   2.76313145e+00   3   2.77911518e+00   4   3.65369864e+00   5   3.66243501e+00   6   
0.00000000e+00   0   3.81477613e-02   1   2.58915212e+00   2   2.59679105e+00   3   2.61530282e+00   4   3.98450353e+00   5   4.00565759e+00   6   
0.00000000e+00   0   3.58314771e-02   1   2.54336425e+00   2   2.55221782e+00   3   2.57462921e+00   4   5.10119318e+00   5   5.17906116e+00   6   
0.00000000e+00   0   3.07751824e-02   1   2.50298646e+00   2   2.51200661e+00   3   2.53536548e+00   4   5.74378026e+00   5   5.88935771e+00   6   
0.00000000e+00   0   3.14588927e-02   1   2.49121897e+00   2   2.50037254e+00   3   2.52368203e+00   4   5.94518484e+00   5   6.12802432e+00   6   
0.00000000e+00   0   7.77680276e-02   1   2.48457920e+00   2   2.49373583e+00   3   2.51691646e+00   4   5.62705998e+00   5   5.76094066e+00   6   
0.00000000e+00   0   1.13246149e-01   1   2.48275329e+00   2   2.49173834e+00   3   2.51500652e+00   4   5.65270074e+00   5   5.79290537e+00   6   
0.00000000e+00   0   1.26582889e-01   1   2.48349061e+00   2   2.49256829e+00   3   2.51586622e+00   4   5.64490204e+00   5   5.78165738e+00   6   
0.00000000e+00   0   1.40978853e-01   1   2.48829328e+00   2   2.49745192e+00   3   2.52116279e+00   4   5.91144436e+00   5   6.08657700e+00   6   
0.00000000e+00   0   1.51269123e-01   1   2.47308862e+00   2   2.48203488e+00   3   2.50445452e+00   4   5.27926897e+00   5   5.37918850e+00   6   
0.00000000e+00   0   1.66549736e-01   1   2.49190916e+00   2   2.50119714e+00   3   2.52466442e+00   4   6.14303515e+00   5   6.36100811e+00   6   
