0.00000000e+00   0   1.60256449e+01   1   6.45112918e+02   2   6.45867857e+02   3   6.64409521e+02   4   8.06152294e+02   5   8.06369779e+02   6   
0.00000000e+00   0   1.28513429e+01   1   5.12793584e+02   2   5.13351325e+02   3   5.96675451e+02   4   6.19961081e+02   5   6.20134614e+02   6   
0.00000000e+00   0   1.00912458e+01   1   4.15752309e+02   2   4.16182860e+02   3   4.73263493e+02   4   4.93063990e+02   5   4.93196123e+02   6   
0.00000000e+00   0   8.28055493e+00   1   3.47316516e+02   2   3.47652167e+02   3   3.87836378e+02   4   4.04983780e+02   5   4.05088961e+02   6   
0.00000000e+00   0   7.17901118e+00   1   2.93290950e+02   2   2.93551332e+02   3   3.23979911e+02   4   3.38196901e+02   5   3.38280443e+02   6   
0.00000000e+00   0   6.21428052e+00   1   2.51085360e+02   2   2.51302957e+02   3   2.75014648e+02   4   2.86925255e+02   5   2.86993938e+02   6   
0.00000000e+00   0   5.49865094e+00   1   2.16707677e+02   2   2.16895233e+02   3   2.36263211e+02   4   2.46394092e+02   5   2.46451800e+02   6   
0.00000000e+00   0   5.05655518e+00   1   1.89234586e+02   2   1.89388559e+02   3   2.05327365e+02   4   2.14044288e+02   5   2.14095428e+02   6   
0.00000000e+00   0   4.53500052e+00   1   1.66977761e+02   2   1.67110653e+02   3   1.80196224e+02   4   1.88001937e+02   5   1.88045549e+02   6   
0.00000000e+00   0   3.79633753e+00   1   1.48427095e+02   2   1.48545620e+02   3   1.59547898e+02   4   1.66455632e+02   5   1.66495076e+02   6   
0.00000000e+00   0   3.41112838e+00   1   1.32571694e+02   2   1.32677663e+02   3   1.42074115e+02   4   1.48310899e+02   5   1.48348393e+02   6   
0.00000000e+00   0   2.72696782e+00   1   1.03516061e+02   2   1.03596989e+02   3   1.10067922e+02   4   1.14973352e+02   5   1.15003565e+02   6   
0.00000000e+00   0   2.17940891e+00   1   8.33993338e+01   2   8.34610419e+01   3   8.80370097e+01   4   9.21201807e+01   5   9.21441519e+01   6   
0.00000000e+00   0   1.80737914e+00   1   6.88837612e+01   2   6.89346126e+01   3   7.22754037e+01   4   7.57130128e+01   5   7.57336572e+01   6   
0.00000000e+00   0   1.58241597e+00   1   5.79409301e+01   2   5.79819834e+01   3   6.04917092e+01   4   6.34940938e+01   5   6.35110494e+01   6   
0.00000000e+00   0   1.38483482e+00   1   5.44583811e+01   2   5.44970711e+01   3   5.67016379e+01   4   5.95611358e+01   5   5.95769391e+01   6   
0.00000000e+00   0   1.37674120e+00   1   5.12357668e+01   2   5.12721381e+01   3   5.32594785e+01   4   5.59708216e+01   5   5.59861706e+01   6   
0.00000000e+00   0   1.14748178e+00   1   4.33154996e+01   2   4.33464739e+01   3   4.47899976e+01   4   4.71624362e+01   5   4.71751955e+01   6   
0.00000000e+00   0   1.01215788e+00   1   3.81999351e+01   2   3.82274357e+01   3   3.93288708e+01   4   4.14997987e+01   5   4.15106309e+01   6   
0.00000000e+00   0   9.18027991e-01   1   3.40550340e+01   2   3.40796101e+01   3   3.49236944e+01   4   3.69146526e+01   5   3.69240374e+01   6   
0.00000000e+00   0   7.12583096e-01   1   2.77836484e+01   2   2.78040256e+01   3   2.82965698e+01   4   3.00032083e+01   5   3.00110415e+01   6   
0.00000000e+00   0   5.97231807e-01   1   2.33782725e+01   2   2.33956809e+01   3   2.34532007e+01   4   2.51804664e+01   5   2.51868105e+01   6   
0.00000000e+00   0   4.46428581e-01   1   1.77097077e+01   2   1.77231485e+01   3   1.77569351e+01   4   1.90158264e+01   5   1.90203421e+01   6   
0.00000000e+00   0   3.64926429e-01   1   1.42299716e+01   2   1.42409788e+01   3   1.42660306e+01   4   1.52688479e+01   5   1.52728929e+01   6   
0.00000000e+00   0   3.04963770e-01   1   1.19407376e+01   2   1.19502010e+01   3   1.19684630e+01   4   1.28211346e+01   5   1.28245226e+01   6   
0.00000000e+00   0   2.52440190e-01   1   1.03492571e+01   2   1.03576585e+01   3   1.03728950e+01   4   1.11107259e+01   5   1.11137102e+01   6   
0.00000000e+00   0   2.13721052e-01   1   9.17647811e+00   2   9.18401453e+00   3   9.19661181e+00   4   9.86062694e+00   5   9.86331992e+00   6   
0.00000000e+00   0   1.41038245e-01   1   6.18008646e+00   2   6.18569690e+00   3   6.19346157e+00   4   6.64986330e+00   5   6.65177546e+00   6   
0.00000000e+00   0   1.08686344e-01   1   4.94016465e+00   2   4.94487894e+00   3   4.95085145e+00   4   5.33031832e+00   5   5.33192610e+00   6   
0.00000000e+00   0   9.14623935e-02   1   4.26258991e+00   2   4.26682791e+00   3   4.27194973e+00   4   4.61213046e+00   5   4.61357468e+00   6   
0.00000000e+00   0   8.10423923e-02   1   3.83240818e+00   2   3.83634002e+00   3   3.84105091e+00   4   4.15693713e+00   5   4.15822658e+00   6   
0.00000000e+00   0   7.27735001e-02   1   3.53708343e+00   2   3.54080935e+00   3   3.54496534e+00   4   3.84349583e+00   5   3.84474638e+00   6   
0.00000000e+00   0   6.74041714e-02   1   3.31842732e+00   2   3.32200377e+00   3   3.32615820e+00   4   3.61219632e+00   5   3.61332126e+00   6   
0.00000000e+00   0   6.30567936e-02   1   3.14956113e+00   2   3.15301157e+00   3   3.15702562e+00   4   3.43380224e+00   5   3.43489605e+00   6   
0.00000000e+00   0   5.84743277e-02   1   3.01487312e+00   2   3.01824247e+00   3   3.02220492e+00   4   3.29153524e+00   5   3.29259196e+00   6   
0.00000000e+00   0   4.90387230e-02   1   2.61138649e+00   2   2.61436513e+00   3   2.61724758e+00   4   2.88574633e+00   5   2.88677019e+00   6   
0.00000000e+00   0   4.53016308e-02   1   2.41587350e+00   2   2.41880860e+00   3   2.42049418e+00   4   2.66482365e+00   5   2.66579232e+00   6   
0.00000000e+00   0   4.17600252e-02   1   2.29871121e+00   2   2.30137834e+00   3   2.30458544e+00   4   2.54756920e+00   5   2.54927982e+00   6   
0.00000000e+00   0   4.03950162e-02   1   2.20442335e+00   2   2.20714377e+00   3   2.20857895e+00   4   2.47293363e+00   5   2.47428392e+00   6   
0.00000000e+00   0   3.93930436e-02   1   2.40855705e+00   2   2.41115696e+00   3   2.41255348e+00   4   2.64319489e+00   5   2.64414223e+00   6   
0.00000000e+00   0   3.80680284e-02   1   2.09283224e+00   2   2.09548332e+00   3   2.09886443e+00   4   2.32789688e+00   5   2.32957222e+00   6   
0.00000000e+00   0   3.46237309e-02   1   2.14132636e+00   2   2.14388134e+00   3   2.14526438e+00   4   2.37045843e+00   5   2.37160926e+00   6   
0.00000000e+00   0   3.56826579e-02   1   2.10284848e+00   2   2.10537508e+00   3   2.10675250e+00   4   2.33098949e+00   5   2.33282810e+00   6   
0.00000000e+00   0   3.28705167e-02   1   2.02525551e+00   2   2.02778571e+00   3   2.02915887e+00   4   2.24466708e+00   5   2.24560450e+00   6   
0.00000000e+00   0   3.22736002e-02   1   1.98238360e+00   2   1.98487246e+00   3   1.98623905e+00   4   2.20646091e+00   5   2.20745550e+00   6   
