0.00000000e+00   0   1.01617166e+02   1   5.99885354e+03   2   6.12914886e+03   3   6.45146124e+03   4   6.52314758e+03   5   6.52329461e+03   6   
0.00000000e+00   0   9.55443256e+01   1   5.60067095e+03   2   5.72149699e+03   3   6.02427640e+03   4   6.09589865e+03   5   6.09602643e+03   6   
0.00000000e+00   0   8.67877435e+01   1   5.23331591e+03   2   5.34845396e+03   3   5.63421027e+03   4   5.70798705e+03   5   5.70813956e+03   6   
0.00000000e+00   0   8.28561633e+01   1   4.89767732e+03   2   5.00894480e+03   3   5.27780957e+03   4   5.35113086e+03   5   5.35128655e+03   6   
0.00000000e+00   0   7.95184785e+01   1   4.59139189e+03   2   4.69605310e+03   3   4.95063838e+03   4   5.02470181e+03   5   5.02485839e+03   6   
0.00000000e+00   0   7.51425455e+01   1   4.29984308e+03   2   4.41039306e+03   3   4.65002176e+03   4   4.72315046e+03   5   4.72330365e+03   6   
0.00000000e+00   0   7.04123269e+01   1   4.04272344e+03   2   4.14740766e+03   3   4.37306460e+03   4   4.44783374e+03   5   4.44799877e+03   6   
0.00000000e+00   0   6.62428747e+01   1   3.80594390e+03   2   3.90005496e+03   3   4.11835453e+03   4   4.19499190e+03   5   4.19516123e+03   6   
0.00000000e+00   0   6.44439391e+01   1   3.58970557e+03   2   3.67654383e+03   3   3.88416037e+03   4   3.96052061e+03   5   3.96068191e+03   6   
0.00000000e+00   0   6.04903188e+01   1   3.38558705e+03   2   3.46978890e+03   3   3.66634523e+03   4   3.74551450e+03   5   3.74569855e+03   6   
0.00000000e+00   0   5.75489824e+01   1   3.19218678e+03   2   3.28002636e+03   3   3.46540647e+03   4   3.54860757e+03   5   3.54880570e+03   6   
0.00000000e+00   0   5.46318422e+01   1   3.01855044e+03   2   3.10390983e+03   3   3.27975829e+03   4   3.36703027e+03   5   3.36722192e+03   6   
0.00000000e+00   0   5.30209675e+01   1   2.85566512e+03   2   2.94113776e+03   3   3.10686503e+03   4   3.19540586e+03   5   3.19559801e+03   6   
0.00000000e+00   0   5.06682346e+01   1   2.70546011e+03   2   2.78833662e+03   3   2.94547839e+03   4   3.03664659e+03   5   3.03684333e+03   6   
0.00000000e+00   0   4.83329642e+01   1   2.56757203e+03   2   2.64647901e+03   3   2.79530040e+03   4   2.89229222e+03   5   2.89249038e+03   6   
0.00000000e+00   0   4.62517359e+01   1   2.43788704e+03   2   2.51048515e+03   3   2.65411969e+03   4   2.75689462e+03   5   2.75712572e+03   6   
0.00000000e+00   0   4.40762292e+01   1   2.31595503e+03   2   2.38666856e+03   3   2.52194559e+03   4   2.63457721e+03   5   2.63474128e+03   6   
0.00000000e+00   0   4.25883486e+01   1   2.20131173e+03   2   2.27239001e+03   3   2.39824548e+03   4   2.51851632e+03   5   2.51870826e+03   6   
0.00000000e+00   0   4.02883954e+01   1   2.09721696e+03   2   2.16484933e+03   3   2.28261120e+03   4   2.40815972e+03   5   2.40834976e+03   6   
0.00000000e+00   0   3.83514507e+01   1   1.99815470e+03   2   2.06324682e+03   3   2.17420716e+03   4   2.30518322e+03   5   2.30536403e+03   6   
0.00000000e+00   0   3.73547112e+01   1   1.90535970e+03   2   1.96873848e+03   3   2.07355638e+03   4   2.20536125e+03   5   2.20552216e+03   6   
0.00000000e+00   0   3.61960879e+01   1   1.81377829e+03   2   1.87954920e+03   3   1.97813404e+03   4   2.11299643e+03   5   2.11313958e+03   6   
0.00000000e+00   0   3.43627591e+01   1   1.73347052e+03   2   1.79599410e+03   3   1.88930705e+03   4   2.02496119e+03   5   2.02510191e+03   6   
0.00000000e+00   0   3.36269370e+01   1   1.65541064e+03   2   1.71692268e+03   3   1.80622436e+03   4   1.93829168e+03   5   1.93842630e+03   6   
0.00000000e+00   0   3.22094593e+01   1   1.58375427e+03   2   1.64310242e+03   3   1.72800829e+03   4   1.86058492e+03   5   1.86071758e+03   6   
0.00000000e+00   0   3.11956607e+01   1   1.51223757e+03   2   1.57017055e+03   3   1.65349431e+03   4   1.78489244e+03   5   1.78502006e+03   6   
0.00000000e+00   0   3.04096043e+01   1   1.44946581e+03   2   1.50468188e+03   3   1.58416382e+03   4   1.71039564e+03   5   1.71051367e+03   6   
0.00000000e+00   0   2.88297764e+01   1   1.38797706e+03   2   1.44227706e+03   3   1.51870506e+03   4   1.64657047e+03   5   1.64669019e+03   6   
0.00000000e+00   0   2.82792440e+01   1   1.32784903e+03   2   1.38373366e+03   3   1.45699438e+03   4   1.58005147e+03   5   1.58016186e+03   6   
0.00000000e+00   0   2.72928619e+01   1   1.27384886e+03   2   1.32792913e+03   3   1.39838750e+03   4   1.52004861e+03   5   1.52014582e+03   6   
0.00000000e+00   0   2.64314030e+01   1   1.22100661e+03   2   1.27574502e+03   3   1.34314059e+03   4   1.46158881e+03   5   1.46168270e+03   6   
0.00000000e+00   0   2.55967947e+01   1   1.17132804e+03   2   1.22549050e+03   3   1.29069495e+03   4   1.40836124e+03   5   1.40845742e+03   6   
0.00000000e+00   0   2.43921382e+01   1   1.12799649e+03   2   1.17864991e+03   3   1.24147706e+03   4   1.35604914e+03   5   1.35613504e+03   6   
0.00000000e+00   0   2.39610045e+01   1   1.08248182e+03   2   1.13318119e+03   3   1.19427976e+03   4   1.30592879e+03   5   1.30600856e+03   6   
0.00000000e+00   0   2.28094884e+01   1   1.04133967e+03   2   1.09055876e+03   3   1.14960059e+03   4   1.26029493e+03   5   1.26036341e+03   6   
0.00000000e+00   0   2.18356924e+01   1   1.00010908e+03   2   1.04821552e+03   3   1.10716857e+03   4   1.21543205e+03   5   1.21550038e+03   6   
0.00000000e+00   0   2.15743767e+01   1   9.62277088e+02   2   1.00966207e+03   3   1.06708655e+03   4   1.17160999e+03   5   1.17167063e+03   6   
0.00000000e+00   0   2.05052020e+01   1   9.28496692e+02   2   9.73070981e+02   3   1.02857376e+03   4   1.13199039e+03   5   1.13205107e+03   6   
0.00000000e+00   0   1.99319747e+01   1   8.93840795e+02   2   9.37869591e+02   3   9.92031989e+02   4   1.09217229e+03   5   1.09223198e+03   6   
0.00000000e+00   0   1.98013979e+01   1   8.61514312e+02   2   9.05596107e+02   3   9.57534032e+02   4   1.05627444e+03   5   1.05633158e+03   6   
0.00000000e+00   0   1.88106188e+01   1   8.30129392e+02   2   8.73590921e+02   3   9.24507913e+02   4   1.02116702e+03   5   1.02122360e+03   6   
0.00000000e+00   0   1.86133926e+01   1   8.00209399e+02   2   8.43307319e+02   3   8.92781028e+02   4   9.86341376e+02   5   9.86400147e+02   6   
0.00000000e+00   0   1.80415035e+01   1   7.72615956e+02   2   8.14529677e+02   3   8.63568570e+02   4   9.55135716e+02   5   9.55190312e+02   6   
0.00000000e+00   0   1.71897464e+01   1   7.43929844e+02   2   7.86905929e+02   3   8.34483867e+02   4   9.23934548e+02   5   9.23990443e+02   6   
0.00000000e+00   0   1.67812356e+01   1   7.19634316e+02   2   7.60775140e+02   3   8.06742480e+02   4   8.94802841e+02   5   8.94854097e+02   6   
0.00000000e+00   0   1.68017221e+01   1   6.95864768e+02   2   7.35364099e+02   3   7.80981855e+02   4   8.67379108e+02   5   8.67432194e+02   6   
0.00000000e+00   0   1.62095438e+01   1   6.70944453e+02   2   7.11277994e+02   3   7.55523965e+02   4   8.39934395e+02   5   8.39987206e+02   6   
0.00000000e+00   0   1.55521629e+01   1   6.50787713e+02   2   6.89145750e+02   3   7.31934967e+02   4   8.15728945e+02   5   8.15780186e+02   6   
0.00000000e+00   0   1.52635496e+01   1   6.26243186e+02   2   6.65811010e+02   3   7.08581639e+02   4   7.89992657e+02   5   7.90040745e+02   6   
0.00000000e+00   0   1.45882872e+01   1   6.06338229e+02   2   6.44938283e+02   3   6.86998810e+02   4   7.67143774e+02   5   7.67191261e+02   6   
0.00000000e+00   0   1.44879235e+01   1   5.87461774e+02   2   6.25185879e+02   3   6.66100560e+02   4   7.44599283e+02   5   7.44648375e+02   6   
0.00000000e+00   0   1.41436222e+01   1   5.68075264e+02   2   6.05372523e+02   3   6.45425647e+02   4   7.22422190e+02   5   7.22471253e+02   6   
0.00000000e+00   0   1.34862253e+01   1   5.51425466e+02   2   5.86713381e+02   3   6.26290362e+02   4   7.01759548e+02   5   7.01804190e+02   6   
0.00000000e+00   0   1.30156182e+01   1   5.33318905e+02   2   5.69340039e+02   3   6.07893641e+02   4   6.81543844e+02   5   6.81587422e+02   6   
0.00000000e+00   0   1.28720184e+01   1   5.16599913e+02   2   5.52703667e+02   3   5.89690960e+02   4   6.62983530e+02   5   6.63026905e+02   6   
0.00000000e+00   0   1.24831836e+01   1   5.00307988e+02   2   5.36232584e+02   3   5.72697454e+02   4   6.44436456e+02   5   6.44475366e+02   6   
0.00000000e+00   0   1.21893364e+01   1   4.85850070e+02   2   5.20800761e+02   3   5.56605117e+02   4   6.27265145e+02   5   6.27304219e+02   6   
0.00000000e+00   0   1.17047637e+01   1   4.70796345e+02   2   5.05740348e+02   3   5.41204841e+02   4   6.10670629e+02   5   6.10710381e+02   6   
0.00000000e+00   0   1.14781795e+01   1   4.57170421e+02   2   4.90465817e+02   3   5.26025206e+02   4   5.93930470e+02   5   5.93969502e+02   6   
0.00000000e+00   0   1.12565409e+01   1   4.44509475e+02   2   4.76878171e+02   3   5.11055546e+02   4   5.78468780e+02   5   5.78508417e+02   6   
0.00000000e+00   0   1.09149180e+01   1   4.31172427e+02   2   4.63488805e+02   3   4.97201357e+02   4   5.63676472e+02   5   5.63715568e+02   6   
0.00000000e+00   0   1.06225771e+01   1   4.18894378e+02   2   4.50685697e+02   3   4.83935585e+02   4   5.49308304e+02   5   5.49347515e+02   6   
0.00000000e+00   0   1.02946427e+01   1   4.06832749e+02   2   4.38738993e+02   3   4.71179808e+02   4   5.35303844e+02   5   5.35343238e+02   6   
0.00000000e+00   0   9.96727113e+00   1   3.95281735e+02   2   4.26887938e+02   3   4.58950891e+02   4   5.21875331e+02   5   5.21915326e+02   6   
0.00000000e+00   0   9.99236280e+00   1   3.83697697e+02   2   4.15332039e+02   3   4.47128008e+02   4   5.09254891e+02   5   5.09288889e+02   6   
0.00000000e+00   0   9.72736973e+00   1   3.73483549e+02   2   4.04530867e+02   3   4.35787089e+02   4   4.96651323e+02   5   4.96686582e+02   6   
0.00000000e+00   0   9.34375818e+00   1   3.64020591e+02   2   3.94103933e+02   3   4.24741944e+02   4   4.83875638e+02   5   4.83911274e+02   6   
0.00000000e+00   0   9.17729594e+00   1   3.55077529e+02   2   3.83712876e+02   3   4.14291376e+02   4   4.73141501e+02   5   4.73176149e+02   6   
0.00000000e+00   0   9.08321251e+00   1   3.44767416e+02   2   3.74705695e+02   3   4.03986657e+02   4   4.62048063e+02   5   4.62080746e+02   6   
0.00000000e+00   0   8.74238745e+00   1   3.36731599e+02   2   3.64702362e+02   3   3.94111175e+02   4   4.50915152e+02   5   4.50949490e+02   6   
0.00000000e+00   0   8.43150823e+00   1   3.29129021e+02   2   3.56628102e+02   3   3.84711444e+02   4   4.40995032e+02   5   4.41028723e+02   6   
0.00000000e+00   0   8.39034312e+00   1   3.22508306e+02   2   3.47624988e+02   3   3.75498391e+02   4   4.30068248e+02   5   4.30098550e+02   6   
0.00000000e+00   0   8.13848737e+00   1   3.14356990e+02   2   3.39260345e+02   3   3.66641689e+02   4   4.21209448e+02   5   4.21242935e+02   6   
0.00000000e+00   0   7.93123840e+00   1   3.07954700e+02   2   3.31702930e+02   3   3.58028496e+02   4   4.11827174e+02   5   4.11853720e+02   6   
0.00000000e+00   0   7.78194697e+00   1   3.01515319e+02   2   3.24032412e+02   3   3.49915620e+02   4   4.02781145e+02   5   4.02810355e+02   6   
0.00000000e+00   0   7.53105277e+00   1   2.96789316e+02   2   3.17231147e+02   3   3.41725241e+02   4   3.93570150e+02   5   3.93597681e+02   6   
0.00000000e+00   0   7.44544405e+00   1   2.92791596e+02   2   3.10747053e+02   3   3.34088924e+02   4   3.86154380e+02   5   3.86183039e+02   6   
0.00000000e+00   0   7.20295806e+00   1   2.85771883e+02   2   3.03973920e+02   3   3.26606274e+02   4   3.78144578e+02   5   3.78174243e+02   6   
0.00000000e+00   0   7.11459573e+00   1   2.79760354e+02   2   2.96852144e+02   3   3.19253425e+02   4   3.70059282e+02   5   3.70088326e+02   6   
0.00000000e+00   0   6.94169069e+00   1   2.73934443e+02   2   2.90273195e+02   3   3.12294048e+02   4   3.62381182e+02   5   3.62411170e+02   6   
0.00000000e+00   0   6.76461246e+00   1   2.68311799e+02   2   2.83971397e+02   3   3.05667392e+02   4   3.55476049e+02   5   3.55505318e+02   6   
0.00000000e+00   0   6.75271366e+00   1   2.63159118e+02   2   2.77592684e+02   3   2.99086298e+02   4   3.47852301e+02   5   3.47880784e+02   6   
0.00000000e+00   0   6.47029935e+00   1   2.57439689e+02   2   2.71550442e+02   3   2.92788524e+02   4   3.41468102e+02   5   3.41497175e+02   6   
0.00000000e+00   0   6.48744254e+00   1   2.52370856e+02   2   2.65720353e+02   3   2.86581566e+02   4   3.34019024e+02   5   3.34048209e+02   6   
0.00000000e+00   0   6.24536658e+00   1   2.48109272e+02   2   2.60123785e+02   3   2.80735242e+02   4   3.28125091e+02   5   3.28153349e+02   6   
0.00000000e+00   0   6.09720865e+00   1   2.42775591e+02   2   2.55331855e+02   3   2.74958356e+02   4   3.21585668e+02   5   3.21614371e+02   6   
0.00000000e+00   0   6.01035227e+00   1   2.38570061e+02   2   2.50130112e+02   3   2.69383407e+02   4   3.15849592e+02   5   3.15877956e+02   6   
0.00000000e+00   0   5.86948293e+00   1   2.34149185e+02   2   2.45011666e+02   3   2.63951181e+02   4   3.09792134e+02   5   3.09820237e+02   6   
0.00000000e+00   0   5.83293949e+00   1   2.29623197e+02   2   2.40004158e+02   3   2.58671245e+02   4   3.04106919e+02   5   3.04134796e+02   6   
0.00000000e+00   0   5.65883867e+00   1   2.25375954e+02   2   2.35172094e+02   3   2.53528024e+02   4   2.97804574e+02   5   2.97834049e+02   6   
0.00000000e+00   0   5.61519502e+00   1   2.21531013e+02   2   2.30531235e+02   3   2.48624881e+02   4   2.93075847e+02   5   2.93103754e+02   6   
0.00000000e+00   0   5.50165899e+00   1   2.17861371e+02   2   2.26096693e+02   3   2.43829340e+02   4   2.87861046e+02   5   2.87888980e+02   6   
0.00000000e+00   0   5.41401298e+00   1   2.13770929e+02   2   2.21783148e+02   3   2.39201923e+02   4   2.82761870e+02   5   2.82789662e+02   6   
0.00000000e+00   0   4.50855600e+00   1   1.83094488e+02   2   1.86223680e+02   3   1.98879310e+02   4   2.38036498e+02   5   2.38059283e+02   6   
0.00000000e+00   0   3.89388990e+00   1   1.60409717e+02   2   1.61634388e+02   3   1.69584495e+02   4   2.04595243e+02   5   2.04617606e+02   6   
0.00000000e+00   0   3.48687191e+00   1   1.43065048e+02   2   1.43632331e+02   3   1.48619646e+02   4   1.78811757e+02   5   1.78832608e+02   6   
0.00000000e+00   0   3.11350797e+00   1   1.28906928e+02   2   1.29211970e+02   3   1.32426421e+02   4   1.58123888e+02   5   1.58143525e+02   6   
0.00000000e+00   0   2.78917417e+00   1   1.16898111e+02   2   1.17098921e+02   3   1.19238766e+02   4   1.41224401e+02   5   1.41243038e+02   6   
0.00000000e+00   0   2.56134701e+00   1   1.06588839e+02   2   1.06726007e+02   3   1.08393296e+02   4   1.26864353e+02   5   1.26881947e+02   6   
0.00000000e+00   0   2.37696400e+00   1   9.76701297e+01   2   9.77773289e+01   3   9.91070761e+01   4   1.14936984e+02   5   1.14953099e+02   6   
0.00000000e+00   0   2.22397333e+00   1   8.98500875e+01   2   8.99387102e+01   3   9.10213292e+01   4   1.04743310e+02   5   1.04758940e+02   6   
0.00000000e+00   0   2.01871388e+00   1   8.29919138e+01   2   8.30619449e+01   3   8.39626351e+01   4   9.60218446e+01   5   9.60313539e+01   6   
0.00000000e+00   0   1.89549850e+00   1   7.69761080e+01   2   7.70328285e+01   3   7.77896800e+01   4   8.85264095e+01   5   8.85351261e+01   6   
0.00000000e+00   0   1.79367745e+00   1   7.16017277e+01   2   7.16516605e+01   3   7.22937106e+01   4   8.18470172e+01   5   8.18550975e+01   6   
0.00000000e+00   0   1.68813654e+00   1   6.67997281e+01   2   6.68409208e+01   3   6.73924583e+01   4   7.59885878e+01   5   7.59961812e+01   6   
0.00000000e+00   0   1.58400419e+00   1   6.24500838e+01   2   6.24870524e+01   3   6.29713641e+01   4   7.07999484e+01   5   7.08069066e+01   6   
0.00000000e+00   0   1.49082532e+00   1   5.84626759e+01   2   5.84939627e+01   3   5.89186209e+01   4   6.60720796e+01   5   6.60786066e+01   6   
0.00000000e+00   0   1.37138427e+00   1   5.48749055e+01   2   5.49036656e+01   3   5.52788609e+01   4   6.18931488e+01   5   6.18995455e+01   6   
0.00000000e+00   0   1.30621112e+00   1   5.16361044e+01   2   5.16607398e+01   3   5.19954800e+01   4   5.80964837e+01   5   5.81024531e+01   6   
0.00000000e+00   0   1.23265045e+00   1   4.86991175e+01   2   4.87197849e+01   3   4.90205545e+01   4   5.47106823e+01   5   5.47163579e+01   6   
0.00000000e+00   0   1.15401506e+00   1   4.60333592e+01   2   4.60546486e+01   3   4.63235717e+01   4   5.15966567e+01   5   5.16026675e+01   6   
0.00000000e+00   0   1.09691271e+00   1   4.35930920e+01   2   4.36115174e+01   3   4.38518718e+01   4   4.87899315e+01   5   4.87955285e+01   6   
0.00000000e+00   0   1.06411349e+00   1   4.13729868e+01   2   4.13887170e+01   3   4.16068206e+01   4   4.62240082e+01   5   4.62296241e+01   6   
0.00000000e+00   0   1.00769552e+00   1   3.93428750e+01   2   3.93575718e+01   3   3.95524156e+01   4   4.38816920e+01   5   4.38870503e+01   6   
0.00000000e+00   0   9.52956670e-01   1   3.74759690e+01   2   3.74899585e+01   3   3.76686484e+01   4   4.17463745e+01   5   4.17515019e+01   6   
0.00000000e+00   0   9.15569397e-01   1   3.57538950e+01   2   3.57670702e+01   3   3.59312554e+01   4   3.97756172e+01   5   3.97811051e+01   6   
0.00000000e+00   0   8.45696896e-01   1   3.26964302e+01   2   3.27071731e+01   3   3.28449956e+01   4   3.62895038e+01   5   3.62933882e+01   6   
0.00000000e+00   0   8.12145726e-01   1   3.13421716e+01   2   3.13525551e+01   3   3.14763492e+01   4   3.47469680e+01   5   3.47507149e+01   6   
0.00000000e+00   0   6.56418094e-01   1   2.58507072e+01   2   2.58582181e+01   3   2.59427416e+01   4   2.85222834e+01   5   2.85253069e+01   6   
0.00000000e+00   0   5.64299281e-01   1   2.18831560e+01   2   2.18894739e+01   3   2.19536023e+01   4   2.39094641e+01   5   2.39119471e+01   6   
0.00000000e+00   0   4.78768578e-01   1   1.89467039e+01   2   1.89521221e+01   3   1.89999629e+01   4   2.06425761e+01   5   2.06448181e+01   6   
0.00000000e+00   0   4.20845050e-01   1   1.66941688e+01   2   1.66989268e+01   3   1.67367215e+01   4   1.81457804e+01   5   1.81479888e+01   6   
0.00000000e+00   0   3.81321936e-01   1   1.49245505e+01   2   1.49287193e+01   3   1.49595333e+01   4   1.62188616e+01   5   1.62208564e+01   6   
0.00000000e+00   0   3.39984255e-01   1   1.35045844e+01   2   1.35083891e+01   3   1.35343337e+01   4   1.46821649e+01   5   1.46843329e+01   6   
0.00000000e+00   0   3.11437825e-01   1   1.23462509e+01   2   1.23496381e+01   3   1.23719751e+01   4   1.34194609e+01   5   1.34212307e+01   6   
0.00000000e+00   0   2.81377781e-01   1   1.13860668e+01   2   1.13891701e+01   3   1.14085779e+01   4   1.23726273e+01   5   1.23740956e+01   6   
0.00000000e+00   0   2.57615722e-01   1   1.05792344e+01   2   1.05821142e+01   3   1.05995061e+01   4   1.14834569e+01   5   1.14847534e+01   6   
0.00000000e+00   0   2.45183152e-01   1   9.89362232e+00   2   9.89628082e+00   3   9.91205766e+00   4   1.07316287e+01   5   1.07334757e+01   6   
0.00000000e+00   0   1.58090417e-01   1   6.75984479e+00   2   6.76184433e+00   3   6.77192126e+00   4   7.30864685e+00   5   7.30986874e+00   6   
0.00000000e+00   0   1.46525623e-01   1   6.32209966e+00   2   6.32396113e+00   3   6.33302589e+00   4   6.82561276e+00   5   6.82664642e+00   6   
0.00000000e+00   0   1.39509062e-01   1   5.95616238e+00   2   5.95792824e+00   3   5.96693786e+00   4   6.43976582e+00   5   6.44099382e+00   6   
0.00000000e+00   0   1.32154024e-01   1   5.64606875e+00   2   5.64773876e+00   3   5.65635500e+00   4   6.11579174e+00   5   6.11685412e+00   6   
0.00000000e+00   0   1.18347347e-01   1   5.14925562e+00   2   5.15102921e+00   3   5.15917177e+00   4   5.57919731e+00   5   5.58054317e+00   6   
0.00000000e+00   0   1.12642524e-01   1   4.94679657e+00   2   4.94851155e+00   3   5.67017274e+00   4   6.07492749e+00   5   6.07581916e+00   6   
0.00000000e+00   0   9.87066202e-02   1   4.49164168e+00   2   4.49297433e+00   3   5.34120834e+00   4   5.71429494e+00   5   5.71529099e+00   6   
0.00000000e+00   0   9.19615659e-02   1   4.12110493e+00   2   4.12240620e+00   3   4.76415218e+00   4   5.11277402e+00   5   5.11382863e+00   6   
0.00000000e+00   0   8.45338803e-02   1   3.89605835e+00   2   3.89743714e+00   3   4.43861989e+00   4   4.77623068e+00   5   4.77800810e+00   6   
0.00000000e+00   0   7.96887461e-02   1   3.70892862e+00   2   3.71013702e+00   3   4.25394747e+00   4   4.57316177e+00   5   4.57460725e+00   6   
0.00000000e+00   0   7.54295345e-02   1   3.55443455e+00   2   3.55557575e+00   3   3.56772559e+00   4   4.57578042e+00   5   4.57731374e+00   6   
0.00000000e+00   0   6.09988100e-02   1   2.98941214e+00   2   2.99053677e+00   3   2.99443410e+00   4   3.27060588e+00   5   3.27245819e+00   6   
