0.00000000e+00   0   5.84265791e+02   1   5.25213256e+04   2   5.60984729e+04   3   6.17526828e+04   4   6.18829241e+04   5   6.18830558e+04   6   
0.00000000e+00   0   3.38414653e+02   1   2.70049200e+04   2   2.90234828e+04   3   3.22535691e+04   4   3.23823726e+04   5   3.23824943e+04   6   
0.00000000e+00   0   2.94874732e+02   1   2.16284122e+04   2   2.34483787e+04   3   2.64147194e+04   4   2.65433006e+04   5   2.65434265e+04   6   
0.00000000e+00   0   2.58441184e+02   1   1.74652783e+04   2   1.91716413e+04   3   2.17899825e+04   4   2.19227733e+04   5   2.19228974e+04   6   
0.00000000e+00   0   2.48544482e+02   1   1.60479589e+04   2   1.76886719e+04   3   2.02150197e+04   4   2.03414712e+04   5   2.03415891e+04   6   
0.00000000e+00   0   2.32989663e+02   1   1.47512383e+04   2   1.62588612e+04   3   1.87780679e+04   4   1.89116233e+04   5   1.89117642e+04   6   
0.00000000e+00   0   2.22608110e+02   1   1.35613188e+04   2   1.51164746e+04   3   1.74610880e+04   4   1.75882844e+04   5   1.75884020e+04   6   
0.00000000e+00   0   2.12575356e+02   1   1.24710021e+04   2   1.39155024e+04   3   1.62536569e+04   4   1.63857144e+04   5   1.63858321e+04   6   
0.00000000e+00   0   2.02033030e+02   1   1.15402446e+04   2   1.28865427e+04   3   1.51454273e+04   4   1.52748190e+04   5   1.52749358e+04   6   
0.00000000e+00   0   1.96852539e+02   1   1.06084573e+04   2   1.19195396e+04   3   1.41267110e+04   4   1.42536772e+04   5   1.42537975e+04   6   
0.00000000e+00   0   1.86478373e+02   1   9.77307689e+03   2   1.10943661e+04   3   1.31882355e+04   4   1.33218224e+04   5   1.33219593e+04   6   
0.00000000e+00   0   1.78792822e+02   1   8.94865812e+03   2   1.02365355e+04   3   1.23240858e+04   4   1.24589831e+04   5   1.24591195e+04   6   
0.00000000e+00   0   1.60922770e+02   1   7.64905662e+03   2   8.81140779e+03   3   1.07895153e+04   4   1.09197241e+04   5   1.09198357e+04   6   
0.00000000e+00   0   1.52374479e+02   1   7.03521638e+03   2   8.19384977e+03   3   1.01082413e+04   4   1.02344625e+04   5   1.02345790e+04   6   
0.00000000e+00   0   1.35079854e+02   1   7.38801560e+03   2   7.58694673e+03   3   9.04001898e+03   4   9.16640609e+03   5   9.16650311e+03   6   
0.00000000e+00   0   1.26417161e+02   1   6.97861363e+03   2   7.13828650e+03   3   8.51045827e+03   4   8.63750423e+03   5   8.63761489e+03   6   
0.00000000e+00   0   1.19578702e+02   1   6.58348405e+03   2   6.71763599e+03   3   8.01611865e+03   4   8.14257101e+03   5   8.14268597e+03   6   
0.00000000e+00   0   1.13796203e+02   1   6.24430849e+03   2   6.36588731e+03   3   7.56200947e+03   4   7.68853684e+03   5   7.68864858e+03   6   
0.00000000e+00   0   1.06516351e+02   1   5.91631386e+03   2   6.01853019e+03   3   7.13834341e+03   4   7.26409743e+03   5   7.26421185e+03   6   
0.00000000e+00   0   1.02138755e+02   1   5.60395779e+03   2   5.68823668e+03   3   6.74244524e+03   4   6.86846909e+03   5   6.86856362e+03   6   
0.00000000e+00   0   9.71338458e+01   1   5.31914712e+03   2   5.39171603e+03   3   6.37529847e+03   4   6.50138363e+03   5   6.50149804e+03   6   
0.00000000e+00   0   8.67859575e+01   1   4.80556814e+03   2   4.86141194e+03   3   5.71435101e+03   4   5.84164521e+03   5   5.84175715e+03   6   
0.00000000e+00   0   8.54495368e+01   1   4.57597127e+03   2   4.62629214e+03   3   5.41695766e+03   4   5.54868622e+03   5   5.54880290e+03   6   
0.00000000e+00   0   7.31620490e+01   1   3.79442193e+03   2   3.82552038e+03   3   4.40870114e+03   4   4.53342304e+03   5   4.53351839e+03   6   
0.00000000e+00   0   7.23796364e+01   1   3.62882864e+03   2   3.65596535e+03   3   4.19567351e+03   4   4.32607289e+03   5   4.32618339e+03   6   
0.00000000e+00   0   6.97497922e+01   1   3.47482993e+03   2   3.50190919e+03   3   3.99677546e+03   4   4.12292840e+03   5   4.12304068e+03   6   
0.00000000e+00   0   6.72917925e+01   1   3.32981989e+03   2   3.35301249e+03   3   3.81072005e+03   4   3.93629738e+03   5   3.93640717e+03   6   
0.00000000e+00   0   6.50715075e+01   1   3.19422396e+03   2   3.21145438e+03   3   3.63682519e+03   4   3.76565963e+03   5   3.76576933e+03   6   
0.00000000e+00   0   6.22732143e+01   1   3.06631265e+03   2   3.08595165e+03   3   3.47428130e+03   4   3.60298199e+03   5   3.60308972e+03   6   
0.00000000e+00   0   6.02239771e+01   1   2.94751083e+03   2   2.96068787e+03   3   3.32213897e+03   4   3.45119570e+03   5   3.45130456e+03   6   
0.00000000e+00   0   5.97586597e+01   1   2.83215415e+03   2   2.84442135e+03   3   3.17748729e+03   4   3.30901590e+03   5   3.30912421e+03   6   
0.00000000e+00   0   5.77191566e+01   1   2.72436497e+03   2   2.73508174e+03   3   3.04258268e+03   4   3.17117458e+03   5   3.17128654e+03   6   
0.00000000e+00   0   5.56853030e+01   1   2.62099887e+03   2   2.63116182e+03   3   2.91487670e+03   4   3.04551263e+03   5   3.04562348e+03   6   
0.00000000e+00   0   5.37540953e+01   1   2.52496587e+03   2   2.53461196e+03   3   2.79592400e+03   4   2.93121573e+03   5   2.93132840e+03   6   
0.00000000e+00   0   5.22575323e+01   1   2.43228981e+03   2   2.44037694e+03   3   2.68336878e+03   4   2.81754545e+03   5   2.81764415e+03   6   
0.00000000e+00   0   5.04961491e+01   1   2.34423783e+03   2   2.35134798e+03   3   2.57754222e+03   4   2.71070237e+03   5   2.71081523e+03   6   
0.00000000e+00   0   5.00385201e+01   1   2.26296738e+03   2   2.26995072e+03   3   2.47922614e+03   4   2.61763051e+03   5   2.61774228e+03   6   
0.00000000e+00   0   4.84085031e+01   1   2.18420974e+03   2   2.19035250e+03   3   2.38466406e+03   4   2.53089053e+03   5   2.53108139e+03   6   
0.00000000e+00   0   4.70506500e+01   1   2.10913485e+03   2   2.11484557e+03   3   2.29569574e+03   4   2.43572698e+03   5   2.43584103e+03   6   
0.00000000e+00   0   4.55571149e+01   1   2.03877035e+03   2   2.04425630e+03   3   2.21245620e+03   4   2.35464545e+03   5   2.35476181e+03   6   
0.00000000e+00   0   4.38719848e+01   1   1.96969822e+03   2   1.97463900e+03   3   2.13213941e+03   4   2.27844399e+03   5   2.27855993e+03   6   
0.00000000e+00   0   4.25145693e+01   1   1.90677502e+03   2   1.91139138e+03   3   2.05778767e+03   4   2.20917490e+03   5   2.20929418e+03   6   
0.00000000e+00   0   3.86791185e+01   1   1.67358116e+03   2   1.67654015e+03   3   1.78931492e+03   4   1.95911469e+03   5   1.95923563e+03   6   
0.00000000e+00   0   3.73918145e+01   1   1.62156477e+03   2   1.62442396e+03   3   1.73024649e+03   4   1.90315795e+03   5   1.90327995e+03   6   
0.00000000e+00   0   3.64196755e+01   1   1.57183187e+03   2   1.57446082e+03   3   1.67369398e+03   4   1.85207643e+03   5   1.85220432e+03   6   
0.00000000e+00   0   3.54095907e+01   1   1.52528993e+03   2   1.52781526e+03   3   1.62083065e+03   4   1.80491806e+03   5   1.80504638e+03   6   
0.00000000e+00   0   3.44161364e+01   1   1.47865853e+03   2   1.48101222e+03   3   1.56854437e+03   4   1.76541909e+03   5   1.76557786e+03   6   
0.00000000e+00   0   3.33773998e+01   1   1.43402253e+03   2   1.43636973e+03   3   1.51855476e+03   4   1.71528873e+03   5   1.71542760e+03   6   
0.00000000e+00   0   3.25421411e+01   1   1.39264474e+03   2   1.39481005e+03   3   1.47168381e+03   4   1.67844951e+03   5   1.67859159e+03   6   
0.00000000e+00   0   3.16432686e+01   1   1.35163384e+03   2   1.35367913e+03   3   1.42568774e+03   4   1.64258025e+03   5   1.64272448e+03   6   
0.00000000e+00   0   3.08211623e+01   1   1.31435896e+03   2   1.31610909e+03   3   1.38282619e+03   4   1.61582758e+03   5   1.61597215e+03   6   
0.00000000e+00   0   2.97805016e+01   1   1.27801307e+03   2   1.27967250e+03   3   1.33949262e+03   4   1.60162661e+03   5   1.60177968e+03   6   
0.00000000e+00   0   2.90495731e+01   1   1.24190868e+03   2   1.24350922e+03   3   1.29490389e+03   4   1.59332872e+03   5   1.59349834e+03   6   
0.00000000e+00   0   2.82485109e+01   1   1.20598227e+03   2   1.20752281e+03   3   1.25621075e+03   4   1.55567695e+03   5   1.55584322e+03   6   
0.00000000e+00   0   2.76563206e+01   1   1.17161160e+03   2   1.17308943e+03   3   1.21829239e+03   4   1.51852506e+03   5   1.51868867e+03   6   
0.00000000e+00   0   2.68747857e+01   1   1.14186155e+03   2   1.14329388e+03   3   1.18532319e+03   4   1.48745879e+03   5   1.48767051e+03   6   
0.00000000e+00   0   2.62214579e+01   1   1.10979337e+03   2   1.11116976e+03   3   1.15056127e+03   4   1.43726907e+03   5   1.43742947e+03   6   
0.00000000e+00   0   2.55291714e+01   1   1.07984848e+03   2   1.08121295e+03   3   1.11793586e+03   4   1.40023763e+03   5   1.40039684e+03   6   
0.00000000e+00   0   2.49161454e+01   1   1.05195553e+03   2   1.05322633e+03   3   1.08826377e+03   4   1.36254106e+03   5   1.36269540e+03   6   
0.00000000e+00   0   2.43866061e+01   1   1.02460536e+03   2   1.02585032e+03   3   1.05911022e+03   4   1.33045836e+03   5   1.33061127e+03   6   
0.00000000e+00   0   2.44838584e+01   1   9.97754161e+02   2   9.98942693e+02   3   1.03042216e+03   4   1.29532017e+03   5   1.29546530e+03   6   
0.00000000e+00   0   2.39145255e+01   1   9.71081860e+02   2   9.72239888e+02   3   1.00201514e+03   4   1.27116775e+03   5   1.27137334e+03   6   
0.00000000e+00   0   2.27609025e+01   1   9.47292464e+02   2   9.48403862e+02   3   9.76547081e+02   4   1.23179871e+03   5   1.23194696e+03   6   
0.00000000e+00   0   2.21710327e+01   1   9.22686480e+02   2   9.23763733e+02   3   9.50519290e+02   4   1.19786911e+03   5   1.19801895e+03   6   
0.00000000e+00   0   2.17886187e+01   1   9.00604779e+02   2   9.01641043e+02   3   9.27238309e+02   4   1.17051936e+03   5   1.17066082e+03   6   
0.00000000e+00   0   2.17574199e+01   1   8.76854145e+02   2   8.77860155e+02   3   9.02218381e+02   4   1.13835637e+03   5   1.13848176e+03   6   
0.00000000e+00   0   2.07120121e+01   1   8.56267402e+02   2   8.57134070e+02   3   8.80667289e+02   4   1.12060857e+03   5   1.12084871e+03   6   
0.00000000e+00   0   2.08438688e+01   1   8.35280071e+02   2   8.36118267e+02   3   8.58556431e+02   4   1.08149104e+03   5   1.08163898e+03   6   
0.00000000e+00   0   1.99042872e+01   1   8.14035845e+02   2   8.14843786e+02   3   8.36244548e+02   4   1.05828841e+03   5   1.05843354e+03   6   
0.00000000e+00   0   1.94296479e+01   1   7.95311269e+02   2   7.96179184e+02   3   8.16672378e+02   4   1.03107630e+03   5   1.03119869e+03   6   
0.00000000e+00   0   1.89829458e+01   1   7.76470087e+02   2   7.77305073e+02   3   7.96936558e+02   4   1.00644685e+03   5   1.00658669e+03   6   
0.00000000e+00   0   1.85746133e+01   1   7.58511870e+02   2   7.59326962e+02   3   7.77997300e+02   4   9.82019074e+02   5   9.82158700e+02   6   
0.00000000e+00   0   1.83107467e+01   1   7.23027136e+02   2   7.23710443e+02   3   7.41116502e+02   4   9.33800024e+02   5   9.33932993e+02   6   
0.00000000e+00   0   1.74921080e+01   1   7.06392325e+02   2   7.07055101e+02   3   7.23666308e+02   4   9.13604699e+02   5   9.13736149e+02   6   
0.00000000e+00   0   1.71384326e+01   1   6.90863667e+02   2   6.91508225e+02   3   7.07589468e+02   4   8.89422153e+02   5   8.89534974e+02   6   
0.00000000e+00   0   1.67075393e+01   1   6.74750465e+02   2   6.75444628e+02   3   6.90882042e+02   4   8.69763049e+02   5   8.69870458e+02   6   
0.00000000e+00   0   1.68531179e+01   1   6.59533755e+02   2   6.60141205e+02   3   6.75019323e+02   4   8.51021311e+02   5   8.51146948e+02   6   
0.00000000e+00   0   1.60726441e+01   1   6.44906899e+02   2   6.45495464e+02   3   6.59787346e+02   4   8.28111238e+02   5   8.28220875e+02   6   
0.00000000e+00   0   1.56865830e+01   1   6.30637714e+02   2   6.31200598e+02   3   6.44995673e+02   4   8.10046114e+02   5   8.10167529e+02   6   
0.00000000e+00   0   1.54419840e+01   1   6.16983307e+02   2   6.17540366e+02   3   6.30843875e+02   4   7.93025823e+02   5   7.93145351e+02   6   
0.00000000e+00   0   1.51759444e+01   1   6.03607626e+02   2   6.04141164e+02   3   6.17083131e+02   4   7.78247190e+02   5   7.78366337e+02   6   
0.00000000e+00   0   1.51792827e+01   1   5.90634667e+02   2   5.91161241e+02   3   6.03598850e+02   4   7.57995026e+02   5   7.58109358e+02   6   
0.00000000e+00   0   1.48933557e+01   1   5.78179494e+02   2   5.78691550e+02   3   5.90661636e+02   4   7.45994609e+02   5   7.46122307e+02   6   
0.00000000e+00   0   1.42708600e+01   1   5.66235725e+02   2   5.66734463e+02   3   5.78396047e+02   4   7.22659375e+02   5   7.22755837e+02   6   
0.00000000e+00   0   1.40746840e+01   1   5.53748306e+02   2   5.54235388e+02   3   5.65429106e+02   4   7.08052293e+02   5   7.08162997e+02   6   
0.00000000e+00   0   1.36949496e+01   1   5.42296481e+02   2   5.42770333e+02   3   5.53604967e+02   4   6.94363176e+02   5   6.94470647e+02   6   
0.00000000e+00   0   1.37125027e+01   1   5.31315484e+02   2   5.31771483e+02   3   5.42272161e+02   4   6.76757614e+02   5   6.76863054e+02   6   
0.00000000e+00   0   1.32374550e+01   1   5.20212611e+02   2   5.20660797e+02   3   5.30867302e+02   4   6.62684161e+02   5   6.62778704e+02   6   
0.00000000e+00   0   1.29611628e+01   1   5.09636237e+02   2   5.10074073e+02   3   5.19957344e+02   4   6.46760660e+02   5   6.46852297e+02   6   
0.00000000e+00   0   1.07872035e+01   1   4.18236842e+02   2   4.18599394e+02   3   4.25937543e+02   4   5.25022639e+02   5   5.25098878e+02   6   
0.00000000e+00   0   9.24809329e+00   1   3.47858801e+02   2   3.48130482e+02   3   3.53860122e+02   4   4.29935528e+02   5   4.29993342e+02   6   
0.00000000e+00   0   7.79234333e+00   1   2.93011681e+02   2   2.93247156e+02   3   2.97837926e+02   4   3.58628290e+02   5   3.58679017e+02   6   
0.00000000e+00   0   6.84196513e+00   1   2.49496321e+02   2   2.49671293e+02   3   2.53309237e+02   4   3.01703051e+02   5   3.01747790e+02   6   
0.00000000e+00   0   5.77480720e+00   1   2.14465243e+02   2   2.14622385e+02   3   2.17612320e+02   4   2.57084452e+02   5   2.57123443e+02   6   
0.00000000e+00   0   5.07864528e+00   1   1.86013295e+02   2   1.86130947e+02   3   1.88670825e+02   4   2.23316175e+02   5   2.23351173e+02   6   
0.00000000e+00   0   4.46618553e+00   1   1.62652593e+02   2   1.62743120e+02   3   1.64813419e+02   4   1.92548192e+02   5   1.92570362e+02   6   
0.00000000e+00   0   3.92785544e+00   1   1.43325720e+02   2   1.43402697e+02   3   1.45159991e+02   4   1.69194989e+02   5   1.69220555e+02   6   
0.00000000e+00   0   3.50476480e+00   1   1.27155774e+02   2   1.27221603e+02   3   1.28719875e+02   4   1.49059252e+02   5   1.49076663e+02   6   
0.00000000e+00   0   3.12628106e+00   1   1.13560460e+02   2   1.13612317e+02   3   1.14901783e+02   4   1.32727979e+02   5   1.32743507e+02   6   
0.00000000e+00   0   2.82505377e+00   1   1.01988581e+02   2   1.02034793e+02   3   1.03142677e+02   4   1.18743674e+02   5   1.18761879e+02   6   
0.00000000e+00   0   2.55299325e+00   1   9.21025812e+01   2   9.21438294e+01   3   9.31039730e+01   4   1.07299272e+02   5   1.07311588e+02   6   
0.00000000e+00   0   2.31669074e+00   1   8.35432073e+01   2   8.35765939e+01   3   8.44171988e+01   4   9.65114371e+01   5   9.65229714e+01   6   
0.00000000e+00   0   2.09538001e+00   1   7.61296314e+01   2   7.61566245e+01   3   7.68917051e+01   4   8.76668707e+01   5   8.76772370e+01   6   
0.00000000e+00   0   1.91616306e+00   1   6.96551010e+01   2   6.96803396e+01   3   7.03112392e+01   4   8.01234939e+01   5   8.01328914e+01   6   
0.00000000e+00   0   1.78080332e+00   1   6.39965005e+01   2   6.40166442e+01   3   6.45920594e+01   4   7.33781918e+01   5   7.33871295e+01   6   
0.00000000e+00   0   1.62050955e+00   1   5.90158339e+01   2   5.90334641e+01   3   5.95474743e+01   4   6.76820897e+01   5   6.76904363e+01   6   
0.00000000e+00   0   1.48217019e+00   1   5.46179882e+01   2   5.46341055e+01   3   5.50785465e+01   4   6.25803117e+01   5   6.25881691e+01   6   
0.00000000e+00   0   1.36798603e+00   1   5.07200716e+01   2   5.07359847e+01   3   5.11493261e+01   4   5.80011974e+01   5   5.80083380e+01   6   
0.00000000e+00   0   1.27702582e+00   1   4.72468693e+01   2   4.72599843e+01   3   4.76203246e+01   4   5.39086609e+01   5   5.39154259e+01   6   
0.00000000e+00   0   1.20492594e+00   1   4.41378163e+01   2   4.41505330e+01   3   4.44856051e+01   4   5.02938750e+01   5   5.03003291e+01   6   
0.00000000e+00   0   1.12684402e+00   1   4.13588054e+01   2   4.13691596e+01   3   4.16723790e+01   4   4.70680546e+01   5   4.70742889e+01   6   
0.00000000e+00   0   1.04778203e+00   1   3.88531357e+01   2   3.88627501e+01   3   3.91401520e+01   4   4.39974683e+01   5   4.40036127e+01   6   
0.00000000e+00   0   9.88424293e-01   1   3.65867178e+01   2   3.65946911e+01   3   3.68480544e+01   4   4.13737068e+01   5   4.13794957e+01   6   
0.00000000e+00   0   9.11538541e-01   1   3.45319217e+01   2   3.45398739e+01   3   3.47725929e+01   4   3.90011233e+01   5   3.90066563e+01   6   
0.00000000e+00   0   8.75839716e-01   1   3.26695074e+01   2   3.26771905e+01   3   3.28894523e+01   4   3.68474441e+01   5   3.68528994e+01   6   
0.00000000e+00   0   6.65008749e-01   1   2.54911573e+01   2   2.54973007e+01   3   2.56428122e+01   4   2.86000307e+01   5   2.86043561e+01   6   
0.00000000e+00   0   5.27120682e-01   1   2.10855518e+01   2   2.10899282e+01   3   2.12047954e+01   4   2.36213901e+01   5   2.36246904e+01   6   
0.00000000e+00   0   4.33978667e-01   1   1.77925526e+01   2   1.77962604e+01   3   1.78853268e+01   4   1.98755730e+01   5   1.98780843e+01   6   
0.00000000e+00   0   3.62190619e-01   1   1.54071412e+01   2   1.54110155e+01   3   1.54838723e+01   4   1.71734961e+01   5   1.71755293e+01   6   
0.00000000e+00   0   2.73543092e-01   1   1.19085574e+01   2   1.19119615e+01   3   1.19622223e+01   4   1.32131128e+01   5   1.32145149e+01   6   
0.00000000e+00   0   2.49402720e-01   1   1.07396436e+01   2   1.07426356e+01   3   1.07869330e+01   4   1.19241581e+01   5   1.19257026e+01   6   
0.00000000e+00   0   2.25919334e-01   1   9.80703567e+00   2   9.80976402e+00   3   9.84847832e+00   4   1.09226134e+01   5   1.09239135e+01   6   
0.00000000e+00   0   1.85665709e-01   1   8.41823055e+00   2   8.42046659e+00   3   8.48100568e+00   4   9.40032646e+00   5   9.40147461e+00   6   
0.00000000e+00   0   1.74665235e-01   1   7.88815277e+00   2   7.89022317e+00   3   7.94772428e+00   4   8.81375301e+00   5   8.81469157e+00   6   
0.00000000e+00   0   1.63730292e-01   1   7.43604386e+00   2   7.43835880e+00   3   7.49216615e+00   4   8.30185543e+00   5   8.30279541e+00   6   
0.00000000e+00   0   1.27125783e-01   1   6.15273680e+00   2   6.15437174e+00   3   6.19909711e+00   4   6.85356500e+00   5   6.85443748e+00   6   
0.00000000e+00   0   1.18775207e-01   1   5.71335882e+00   2   5.71490573e+00   3   5.74506192e+00   4   6.36436865e+00   5   6.36511523e+00   6   
0.00000000e+00   0   1.06510363e-01   1   5.35854663e+00   2   5.36003108e+00   3   5.38057855e+00   4   5.96382592e+00   5   5.96478939e+00   6   
0.00000000e+00   0   6.13570311e-02   1   3.46423263e+00   2   3.46534178e+00   3   3.47918479e+00   4   3.84337975e+00   5   3.84490284e+00   6   
0.00000000e+00   0   5.67523141e-02   1   3.33270231e+00   2   3.33385346e+00   3   3.34646520e+00   4   3.70801817e+00   5   3.70950798e+00   6   
0.00000000e+00   0   5.35666732e-02   1   3.22817875e+00   2   3.22944978e+00   3   3.24187379e+00   4   3.59665566e+00   5   3.59792269e+00   6   
0.00000000e+00   0   5.24814384e-02   1   3.13957954e+00   2   3.14059911e+00   3   3.15169848e+00   4   3.52839785e+00   5   3.52968993e+00   6   
0.00000000e+00   0   5.01209992e-02   1   3.08055287e+00   2   3.08161325e+00   3   3.09172391e+00   4   3.50417996e+00   5   3.50486817e+00   6   
0.00000000e+00   0   4.72620626e-02   1   3.04234531e+00   2   3.04336137e+00   3   3.05446180e+00   4   3.48803162e+00   5   3.48875384e+00   6   
0.00000000e+00   0   4.52292945e-02   1   3.00867774e+00   2   3.00978354e+00   3   3.02135598e+00   4   3.46764355e+00   5   3.46835674e+00   6   
0.00000000e+00   0   4.42897395e-02   1   2.97942531e+00   2   2.98059516e+00   3   2.99277003e+00   4   3.44723557e+00   5   3.44822763e+00   6   
0.00000000e+00   0   4.35406079e-02   1   2.95874819e+00   2   2.95999207e+00   3   2.97267807e+00   4   3.43414489e+00   5   3.43548443e+00   6   
0.00000000e+00   0   4.22886257e-02   1   2.93897280e+00   2   2.94019225e+00   3   2.95306845e+00   4   3.41974142e+00   5   3.42080004e+00   6   
0.00000000e+00   0   4.01274680e-02   1   2.91316461e+00   2   2.91436923e+00   3   2.92707727e+00   4   3.39618120e+00   5   3.39725357e+00   6   
0.00000000e+00   0   4.01301396e-02   1   2.89337928e+00   2   2.89464611e+00   3   2.90765899e+00   4   3.37935232e+00   5   3.38033644e+00   6   
0.00000000e+00   0   3.90605448e-02   1   2.88111727e+00   2   2.88245679e+00   3   2.89585504e+00   4   3.37024538e+00   5   3.37138381e+00   6   
0.00000000e+00   0   3.70479074e-02   1   2.86119549e+00   2   2.86256851e+00   3   2.87566650e+00   4   3.35142587e+00   5   3.35259177e+00   6   
0.00000000e+00   0   3.73661373e-02   1   2.84059589e+00   2   2.84174793e+00   3   2.85490141e+00   4   3.33092614e+00   5   3.33214039e+00   6   
0.00000000e+00   0   3.53648051e-02   1   2.82237877e+00   2   2.82355446e+00   3   2.83673134e+00   4   3.31337657e+00   5   3.31430194e+00   6   
0.00000000e+00   0   3.49230486e-02   1   2.81241044e+00   2   2.81374533e+00   3   2.82705420e+00   4   3.30499993e+00   5   3.30598937e+00   6   
0.00000000e+00   0   3.38237159e-02   1   2.79513336e+00   2   2.79646330e+00   3   2.80976376e+00   4   3.28754049e+00   5   3.28889629e+00   6   
0.00000000e+00   0   3.32971257e-02   1   2.78555675e+00   2   2.78695118e+00   3   2.80043498e+00   4   3.27931299e+00   5   3.28044563e+00   6   
0.00000000e+00   0   3.31254667e-02   1   2.77131220e+00   2   2.77271506e+00   3   2.78616627e+00   4   3.26462273e+00   5   3.26588296e+00   6   
0.00000000e+00   0   3.18958704e-02   1   2.71357580e+00   2   2.71502300e+00   3   2.72844018e+00   4   3.20695081e+00   5   3.20771734e+00   6   
0.00000000e+00   0   2.97245650e-02   1   2.67129580e+00   2   2.67254696e+00   3   2.68595809e+00   4   3.16383975e+00   5   3.16527214e+00   6   
0.00000000e+00   0   2.90462538e-02   1   2.62106078e+00   2   2.62232928e+00   3   2.63551729e+00   4   3.11205849e+00   5   3.11319640e+00   6   
0.00000000e+00   0   2.74499322e-02   1   2.57515586e+00   2   2.57651288e+00   3   2.59005227e+00   4   3.06472591e+00   5   3.06587621e+00   6   
0.00000000e+00   0   2.66035627e-02   1   2.53040112e+00   2   2.53163079e+00   3   2.54479276e+00   4   3.01770819e+00   5   3.01875137e+00   6   
0.00000000e+00   0   2.60125874e-02   1   2.48035903e+00   2   2.48164059e+00   3   2.49439572e+00   4   2.96441250e+00   5   2.96547464e+00   6   
