0.00000000e+00   0   3.13381018e+02   1   1.88770726e+04   2   1.96961632e+04   3   2.15527892e+04   4   2.16493246e+04   5   2.16494199e+04   6   
0.00000000e+00   0   2.52601658e+02   1   1.47446578e+04   2   1.54524092e+04   3   1.69959253e+04   4   1.70900539e+04   5   1.70901487e+04   6   
0.00000000e+00   0   2.06106096e+02   1   1.16688301e+04   2   1.22589922e+04   3   1.35940173e+04   4   1.36875978e+04   5   1.36876872e+04   6   
0.00000000e+00   0   1.67807573e+02   1   9.33429616e+03   2   9.87080283e+03   3   1.10160667e+04   4   1.11110432e+04   5   1.11111334e+04   6   
0.00000000e+00   0   1.41088119e+02   1   7.57216460e+03   2   8.05420044e+03   3   9.03733015e+03   4   9.13118698e+03   5   9.13127826e+03   6   
0.00000000e+00   0   1.31098651e+02   1   6.98011792e+03   2   7.44047654e+03   3   8.37760153e+03   4   8.47184667e+03   5   8.47192213e+03   6   
0.00000000e+00   0   1.24188634e+02   1   6.45596197e+03   2   6.88844165e+03   3   7.77974559e+03   4   7.87322003e+03   5   7.87329540e+03   6   
0.00000000e+00   0   1.15197392e+02   1   5.96325654e+03   2   6.38419796e+03   3   7.23766571e+03   4   7.33156961e+03   5   7.33165963e+03   6   
0.00000000e+00   0   1.07077132e+02   1   5.53841683e+03   2   5.93010192e+03   3   6.74454521e+03   4   6.84017987e+03   5   6.84026801e+03   6   
0.00000000e+00   0   1.01517600e+02   1   5.13785016e+03   2   5.51548195e+03   3   6.29613603e+03   4   6.39431668e+03   5   6.39440603e+03   6   
0.00000000e+00   0   9.44466839e+01   1   4.77470467e+03   2   5.14983269e+03   3   5.88589460e+03   4   5.98085726e+03   5   5.98094567e+03   6   
0.00000000e+00   0   9.02209265e+01   1   4.45001756e+03   2   4.79524962e+03   3   5.51159649e+03   4   5.60647110e+03   5   5.60655981e+03   6   
0.00000000e+00   0   8.54202038e+01   1   4.14021179e+03   2   4.48463852e+03   3   5.16837326e+03   4   5.26258769e+03   5   5.26266165e+03   6   
0.00000000e+00   0   8.05008500e+01   1   3.84867837e+03   2   4.18790367e+03   3   4.85322337e+03   4   4.94763803e+03   5   4.94771209e+03   6   
0.00000000e+00   0   7.58264788e+01   1   3.60980944e+03   2   3.92699532e+03   3   4.56374648e+03   4   4.65841448e+03   5   4.65848858e+03   6   
0.00000000e+00   0   7.14280976e+01   1   3.36103664e+03   2   3.68850824e+03   3   4.29639189e+03   4   4.39374182e+03   5   4.39382793e+03   6   
0.00000000e+00   0   6.74204017e+01   1   3.15075278e+03   2   3.45870277e+03   3   4.05031665e+03   4   4.14627606e+03   5   4.14634984e+03   6   
0.00000000e+00   0   6.38998378e+01   1   2.98164983e+03   2   3.25457266e+03   3   3.82158257e+03   4   3.91651254e+03   5   3.91658898e+03   6   
0.00000000e+00   0   6.10908272e+01   1   2.83487916e+03   2   3.08304981e+03   3   3.61006484e+03   4   3.70473500e+03   5   3.70480879e+03   6   
0.00000000e+00   0   5.92507068e+01   1   2.68398164e+03   2   2.92532929e+03   3   3.41445216e+03   4   3.50857210e+03   5   3.50864715e+03   6   
0.00000000e+00   0   5.64410244e+01   1   2.54488193e+03   2   2.74539605e+03   3   3.23365796e+03   4   3.32926718e+03   5   3.32934205e+03   6   
0.00000000e+00   0   5.36175275e+01   1   2.41843780e+03   2   2.60465745e+03   3   3.06585133e+03   4   3.16176661e+03   5   3.16184110e+03   6   
0.00000000e+00   0   5.10790021e+01   1   2.29650996e+03   2   2.45917622e+03   3   2.90985150e+03   4   3.00761364e+03   5   3.00769976e+03   6   
0.00000000e+00   0   4.97105530e+01   1   2.19259743e+03   2   2.33184733e+03   3   2.76511016e+03   4   2.85898713e+03   5   2.85906172e+03   6   
0.00000000e+00   0   4.79399500e+01   1   2.10072096e+03   2   2.21668911e+03   3   2.63047855e+03   4   2.72470019e+03   5   2.72477327e+03   6   
0.00000000e+00   0   4.56402453e+01   1   2.00740896e+03   2   2.10049235e+03   3   2.50433881e+03   4   2.59902090e+03   5   2.59909365e+03   6   
0.00000000e+00   0   4.38268772e+01   1   1.92861304e+03   2   2.00788209e+03   3   2.38769624e+03   4   2.48609467e+03   5   2.48617777e+03   6   
0.00000000e+00   0   4.20954664e+01   1   1.84911956e+03   2   1.91341787e+03   3   2.27775657e+03   4   2.37326777e+03   5   2.37334225e+03   6   
0.00000000e+00   0   4.00506632e+01   1   1.77572831e+03   2   1.82641269e+03   3   2.17504298e+03   4   2.27259329e+03   5   2.27266267e+03   6   
0.00000000e+00   0   3.82352577e+01   1   1.70726864e+03   2   1.74494561e+03   3   2.07871895e+03   4   2.17284659e+03   5   2.17292154e+03   6   
0.00000000e+00   0   3.75393956e+01   1   1.64583930e+03   2   1.67535663e+03   3   1.98903537e+03   4   2.08255946e+03   5   2.08263361e+03   6   
0.00000000e+00   0   3.57347507e+01   1   1.58597523e+03   2   1.60903140e+03   3   1.90457234e+03   4   1.99805683e+03   5   1.99813164e+03   6   
0.00000000e+00   0   3.51491850e+01   1   1.52775330e+03   2   1.54781931e+03   3   1.82486122e+03   4   1.92152564e+03   5   1.92159610e+03   6   
0.00000000e+00   0   3.39820121e+01   1   1.47378522e+03   2   1.48988085e+03   3   1.75004981e+03   4   1.84401572e+03   5   1.84409249e+03   6   
0.00000000e+00   0   3.28308637e+01   1   1.42409262e+03   2   1.43697781e+03   3   1.67969113e+03   4   1.77492254e+03   5   1.77499653e+03   6   
0.00000000e+00   0   3.14576000e+01   1   1.37403004e+03   2   1.38509413e+03   3   1.61265098e+03   4   1.70677501e+03   5   1.70684859e+03   6   
0.00000000e+00   0   3.07354922e+01   1   1.32651948e+03   2   1.33561735e+03   3   1.54924446e+03   4   1.64579401e+03   5   1.64586762e+03   6   
0.00000000e+00   0   2.99506912e+01   1   1.27670512e+03   2   1.28466501e+03   3   1.48822563e+03   4   1.58175116e+03   5   1.58182506e+03   6   
0.00000000e+00   0   2.88267677e+01   1   1.24086516e+03   2   1.24710493e+03   3   1.43290013e+03   4   1.52752386e+03   5   1.52759797e+03   6   
0.00000000e+00   0   2.72119515e+01   1   1.19608825e+03   2   1.20166258e+03   3   1.37805169e+03   4   1.47337975e+03   5   1.47345449e+03   6   
0.00000000e+00   0   2.68128332e+01   1   1.15976921e+03   2   1.16456920e+03   3   1.32737557e+03   4   1.42334666e+03   5   1.42342209e+03   6   
0.00000000e+00   0   2.63354430e+01   1   1.12236644e+03   2   1.12665382e+03   3   1.27886458e+03   4   1.37665706e+03   5   1.37684028e+03   6   
0.00000000e+00   0   2.53110121e+01   1   1.08891760e+03   2   1.09258192e+03   3   1.23325202e+03   4   1.33051599e+03   5   1.33059216e+03   6   
0.00000000e+00   0   2.44704459e+01   1   1.05734783e+03   2   1.06058556e+03   3   1.19016991e+03   4   1.29066437e+03   5   1.29073668e+03   6   
0.00000000e+00   0   2.38401344e+01   1   1.02389566e+03   2   1.02644360e+03   3   1.14815508e+03   4   1.25288371e+03   5   1.25295420e+03   6   
0.00000000e+00   0   2.27980047e+01   1   9.92327177e+02   2   9.95040343e+02   3   1.10839205e+03   4   1.20965941e+03   5   1.20973637e+03   6   
0.00000000e+00   0   2.26642435e+01   1   9.64730615e+02   2   9.67010332e+02   3   1.07110995e+03   4   1.17460962e+03   5   1.17468742e+03   6   
0.00000000e+00   0   2.17661795e+01   1   9.39122675e+02   2   9.41108275e+02   3   1.03553662e+03   4   1.14409455e+03   5   1.14417895e+03   6   
0.00000000e+00   0   2.16397088e+01   1   9.10447104e+02   2   9.12318199e+02   3   1.00083159e+03   4   1.11239569e+03   5   1.11248105e+03   6   
0.00000000e+00   0   2.04614396e+01   1   8.86073946e+02   2   8.87696345e+02   3   9.68826840e+02   4   1.08740764e+03   5   1.08748228e+03   6   
0.00000000e+00   0   1.99802021e+01   1   8.60601126e+02   2   8.62198069e+02   3   9.37307605e+02   4   1.06192660e+03   5   1.06200360e+03   6   
0.00000000e+00   0   1.96302757e+01   1   8.39275174e+02   2   8.40819791e+02   3   9.07106183e+02   4   1.05264672e+03   5   1.05272628e+03   6   
0.00000000e+00   0   1.95027371e+01   1   8.17576608e+02   2   8.19017534e+02   3   8.72304336e+02   4   1.06126807e+03   5   1.06135687e+03   6   
0.00000000e+00   0   1.88161366e+01   1   7.95714415e+02   2   7.96882408e+02   3   8.43731334e+02   4   1.04108280e+03   5   1.04117255e+03   6   
0.00000000e+00   0   1.83376074e+01   1   7.75350019e+02   2   7.76575997e+02   3   8.19045971e+02   4   1.01716164e+03   5   1.01725470e+03   6   
0.00000000e+00   0   1.78437959e+01   1   7.55596760e+02   2   7.56742416e+02   3   7.95067823e+02   4   9.90644919e+02   5   9.90735880e+02   6   
0.00000000e+00   0   1.74372464e+01   1   7.36160432e+02   2   7.37162671e+02   3   7.72705969e+02   4   9.64236015e+02   5   9.64326571e+02   6   
0.00000000e+00   0   1.70087900e+01   1   7.16825929e+02   2   7.17859662e+02   3   7.51007672e+02   4   9.39827973e+02   5   9.39918472e+02   6   
0.00000000e+00   0   1.65730923e+01   1   6.99331932e+02   2   7.00276079e+02   3   7.31509895e+02   4   9.13443730e+02   5   9.13537986e+02   6   
0.00000000e+00   0   1.60761264e+01   1   6.82049024e+02   2   6.82900731e+02   3   7.12477221e+02   4   8.89530078e+02   5   8.89623663e+02   6   
0.00000000e+00   0   1.61191407e+01   1   6.66571659e+02   2   6.67411414e+02   3   6.94895870e+02   4   8.64205555e+02   5   8.64297744e+02   6   
0.00000000e+00   0   1.55675215e+01   1   6.48840084e+02   2   6.49596516e+02   3   6.75449277e+02   4   8.41851235e+02   5   8.41928256e+02   6   
0.00000000e+00   0   1.51492853e+01   1   6.34757698e+02   2   6.35505483e+02   3   6.59855463e+02   4   8.20620082e+02   5   8.20707987e+02   6   
0.00000000e+00   0   1.49416353e+01   1   6.19249184e+02   2   6.19999357e+02   3   6.43057858e+02   4   7.96242838e+02   5   7.96317701e+02   6   
0.00000000e+00   0   1.47636152e+01   1   6.04959267e+02   2   6.05671091e+02   3   6.27538324e+02   4   7.75102042e+02   5   7.75175611e+02   6   
0.00000000e+00   0   1.43374197e+01   1   5.91672500e+02   2   5.92352133e+02   3   6.13346964e+02   4   7.59155531e+02   5   7.59229596e+02   6   
0.00000000e+00   0   1.39900996e+01   1   5.78085983e+02   2   5.78738718e+02   3   5.98618470e+02   4   7.37576667e+02   5   7.37648976e+02   6   
0.00000000e+00   0   1.37200585e+01   1   5.64722923e+02   2   5.65353490e+02   3   5.83911231e+02   4   7.17050216e+02   5   7.17123246e+02   6   
0.00000000e+00   0   1.35596184e+01   1   5.52068268e+02   2   5.52671333e+02   3   5.70412727e+02   4   6.99066396e+02   5   6.99136019e+02   6   
0.00000000e+00   0   1.31844946e+01   1   5.40476226e+02   2   5.41048242e+02   3   5.57899527e+02   4   6.82355090e+02   5   6.82424843e+02   6   
0.00000000e+00   0   1.28504830e+01   1   5.28817387e+02   2   5.29371447e+02   3   5.45542797e+02   4   6.66804839e+02   5   6.66876422e+02   6   
0.00000000e+00   0   1.25865022e+01   1   5.17339449e+02   2   5.17872221e+02   3   5.33286963e+02   4   6.49120927e+02   5   6.49190382e+02   6   
0.00000000e+00   0   1.25200058e+01   1   5.05864419e+02   2   5.06328748e+02   3   5.21239628e+02   4   6.34516791e+02   5   6.34588403e+02   6   
0.00000000e+00   0   1.21314959e+01   1   4.95457697e+02   2   4.95952450e+02   3   5.10097898e+02   4   6.18347208e+02   5   6.18415587e+02   6   
0.00000000e+00   0   1.19931917e+01   1   4.85128804e+02   2   4.85606083e+02   3   4.99187792e+02   4   6.03814480e+02   5   6.03882627e+02   6   
0.00000000e+00   0   1.15113823e+01   1   4.75403717e+02   2   4.75819180e+02   3   4.88901216e+02   4   5.90590530e+02   5   5.90659245e+02   6   
0.00000000e+00   0   1.13459994e+01   1   4.65364952e+02   2   4.65767463e+02   3   4.78365082e+02   4   5.77056082e+02   5   5.77125689e+02   6   
0.00000000e+00   0   1.13549633e+01   1   4.55949210e+02   2   4.56378858e+02   3   4.68461487e+02   4   5.64463816e+02   5   5.64532731e+02   6   
0.00000000e+00   0   1.10443990e+01   1   4.46525577e+02   2   4.46905578e+02   3   4.58625692e+02   4   5.51885182e+02   5   5.51954893e+02   6   
0.00000000e+00   0   1.09596749e+01   1   4.38010594e+02   2   4.38416583e+02   3   4.49602564e+02   4   5.39272135e+02   5   5.39327632e+02   6   
0.00000000e+00   0   1.06671173e+01   1   4.28942453e+02   2   4.29294619e+02   3   4.40428152e+02   4   5.31191021e+02   5   5.31266535e+02   6   
0.00000000e+00   0   1.05252461e+01   1   4.21095283e+02   2   4.21475709e+02   3   4.31914009e+02   4   5.16541804e+02   5   5.16598769e+02   6   
0.00000000e+00   0   1.02124874e+01   1   4.12539500e+02   2   4.12873384e+02   3   4.22949054e+02   4   5.05351296e+02   5   5.05404633e+02   6   
0.00000000e+00   0   1.01386428e+01   1   4.04945565e+02   2   4.05269664e+02   3   4.15083394e+02   4   4.94920835e+02   5   4.94978005e+02   6   
0.00000000e+00   0   9.78879700e+00   1   3.96737559e+02   2   3.97063295e+02   3   4.06909451e+02   4   4.87433947e+02   5   4.87499956e+02   6   
0.00000000e+00   0   9.72907673e+00   1   3.89327772e+02   2   3.89637836e+02   3   3.98882750e+02   4   4.75196159e+02   5   4.75254222e+02   6   
0.00000000e+00   0   9.41455761e+00   1   3.81936653e+02   2   3.82237799e+02   3   3.91424427e+02   4   4.67373293e+02   5   4.67436948e+02   6   
0.00000000e+00   0   9.32883959e+00   1   3.75144867e+02   2   3.75433765e+02   3   3.84175481e+02   4   4.56277893e+02   5   4.56337423e+02   6   
0.00000000e+00   0   9.17009890e+00   1   3.68259792e+02   2   3.68543479e+02   3   3.76923016e+02   4   4.46673147e+02   5   4.46730004e+02   6   
0.00000000e+00   0   9.05258783e+00   1   3.61628116e+02   2   3.61903041e+02   3   3.70115825e+02   4   4.38419056e+02   5   4.38474851e+02   6   
0.00000000e+00   0   8.88621785e+00   1   3.55222391e+02   2   3.55512678e+02   3   3.63444513e+02   4   4.29329110e+02   5   4.29385469e+02   6   
0.00000000e+00   0   8.72870018e+00   1   3.48803051e+02   2   3.49064891e+02   3   3.56974187e+02   4   4.23261863e+02   5   4.23322904e+02   6   
0.00000000e+00   0   8.55958485e+00   1   3.42741224e+02   2   3.42996397e+02   3   3.50654466e+02   4   4.14005615e+02   5   4.14063344e+02   6   
0.00000000e+00   0   8.43532945e+00   1   3.36766387e+02   2   3.37020609e+02   3   3.44350204e+02   4   4.05405263e+02   5   4.05461058e+02   6   
0.00000000e+00   0   8.26328403e+00   1   3.30960341e+02   2   3.31201268e+02   3   3.38273780e+02   4   3.98077578e+02   5   3.98130068e+02   6   
0.00000000e+00   0   8.07779588e+00   1   3.25347198e+02   2   3.25585198e+02   3   3.32772744e+02   4   3.91886184e+02   5   3.91946435e+02   6   
0.00000000e+00   0   7.95118594e+00   1   3.19604991e+02   2   3.19834528e+02   3   3.26650346e+02   4   3.83698501e+02   5   3.83751865e+02   6   
0.00000000e+00   0   7.84819889e+00   1   3.14254777e+02   2   3.14480688e+02   3   3.21338104e+02   4   3.78036083e+02   5   3.78097173e+02   6   
0.00000000e+00   0   7.91377936e+00   1   3.08982237e+02   2   3.09203173e+02   3   3.15634748e+02   4   3.69851818e+02   5   3.69901968e+02   6   
0.00000000e+00   0   7.73308609e+00   1   3.03750919e+02   2   3.03967613e+02   3   3.10217494e+02   4   3.63171781e+02   5   3.63221937e+02   6   
0.00000000e+00   0   6.61894798e+00   1   2.58904866e+02   2   2.59074708e+02   3   2.64023787e+02   4   3.07290694e+02   5   3.07330494e+02   6   
0.00000000e+00   0   5.69729482e+00   1   2.23436845e+02   2   2.23565937e+02   3   2.28085111e+02   4   2.64348431e+02   5   2.64396210e+02   6   
0.00000000e+00   0   4.96547922e+00   1   1.94887268e+02   2   1.94993881e+02   3   1.98754575e+02   4   2.28708239e+02   5   2.28747155e+02   6   
0.00000000e+00   0   4.48763056e+00   1   1.71531162e+02   2   1.71615105e+02   3   1.74461626e+02   4   1.99247180e+02   5   1.99274524e+02   6   
0.00000000e+00   0   3.98614148e+00   1   1.52195885e+02   2   1.52261405e+02   3   1.55076739e+02   4   1.76817576e+02   5   1.76846762e+02   6   
0.00000000e+00   0   3.51723313e+00   1   1.35941168e+02   2   1.35999111e+02   3   1.38337616e+02   4   1.57011500e+02   5   1.57035227e+02   6   
0.00000000e+00   0   3.22701756e+00   1   1.22289567e+02   2   1.22332148e+02   3   1.24263182e+02   4   1.40229032e+02   5   1.40247771e+02   6   
0.00000000e+00   0   2.86482230e+00   1   1.10625438e+02   2   1.10663890e+02   3   1.12396732e+02   4   1.26490297e+02   5   1.26506559e+02   6   
0.00000000e+00   0   2.59172682e+00   1   1.00604127e+02   2   1.00638995e+02   3   1.02174485e+02   4   1.14643006e+02   5   1.14656194e+02   6   
0.00000000e+00   0   2.35433762e+00   1   9.19488942e+01   2   9.19777524e+01   3   9.27953736e+01   4   1.04566109e+02   5   1.04577331e+02   6   
0.00000000e+00   0   2.15338151e+00   1   8.43983465e+01   2   8.44218638e+01   3   8.51379979e+01   4   9.57873246e+01   5   9.57987574e+01   6   
0.00000000e+00   0   2.03770052e+00   1   7.77953067e+01   2   7.78172532e+01   3   7.84579399e+01   4   8.80130410e+01   5   8.80224875e+01   6   
0.00000000e+00   0   1.88168866e+00   1   7.19761642e+01   2   7.19965878e+01   3   7.25587691e+01   4   8.12643899e+01   5   8.12723969e+01   6   
0.00000000e+00   0   1.69566788e+00   1   6.68398354e+01   2   6.68571359e+01   3   6.73710567e+01   4   7.53485022e+01   5   7.53564805e+01   6   
0.00000000e+00   0   1.59725233e+00   1   6.22833866e+01   2   6.22978349e+01   3   6.27563657e+01   4   7.00965659e+01   5   7.01030987e+01   6   
0.00000000e+00   0   1.51601941e+00   1   5.82194014e+01   2   5.82350450e+01   3   5.86432661e+01   4   6.54621411e+01   5   6.54677766e+01   6   
0.00000000e+00   0   1.40905548e+00   1   5.45755964e+01   2   5.45886738e+01   3   5.49575659e+01   4   6.12436638e+01   5   6.12487300e+01   6   
0.00000000e+00   0   1.30963248e+00   1   5.13007889e+01   2   5.13127687e+01   3   5.16472811e+01   4   5.74685207e+01   5   5.74738855e+01   6   
0.00000000e+00   0   1.24141973e+00   1   4.83426981e+01   2   4.83543892e+01   3   4.86604456e+01   4   5.40632891e+01   5   5.40672272e+01   6   
0.00000000e+00   0   1.16452652e+00   1   4.56744316e+01   2   4.56854801e+01   3   4.59642003e+01   4   5.10152479e+01   5   5.10195871e+01   6   
0.00000000e+00   0   1.10175549e+00   1   4.32362623e+01   2   4.32468701e+01   3   4.35028055e+01   4   4.82335710e+01   5   4.82371276e+01   6   
0.00000000e+00   0   1.04519466e+00   1   4.10191962e+01   2   4.10277172e+01   3   4.12602317e+01   4   4.57066191e+01   5   4.57098544e+01   6   
0.00000000e+00   0   9.77132953e-01   1   3.89842485e+01   2   3.89927109e+01   3   3.92088317e+01   4   4.33930513e+01   5   4.33963655e+01   6   
0.00000000e+00   0   9.40290931e-01   1   3.71307577e+01   2   3.71389603e+01   3   3.73365028e+01   4   4.12853191e+01   5   4.12882968e+01   6   
0.00000000e+00   0   8.95844368e-01   1   3.54202917e+01   2   3.54276855e+01   3   3.56094196e+01   4   3.93442529e+01   5   3.93471814e+01   6   
0.00000000e+00   0   8.43495149e-01   1   3.38477051e+01   2   3.38547420e+01   3   3.40229310e+01   4   3.75630579e+01   5   3.75657627e+01   6   
0.00000000e+00   0   6.86270619e-01   1   2.75628499e+01   2   2.75688426e+01   3   2.76876758e+01   4   3.04642794e+01   5   3.04668869e+01   6   
0.00000000e+00   0   5.78241210e-01   1   2.31372914e+01   2   2.31420818e+01   3   2.32287144e+01   4   2.54707037e+01   5   2.54729001e+01   6   
0.00000000e+00   0   4.83445805e-01   1   1.98978310e+01   2   1.99019425e+01   3   1.99692408e+01   4   2.18457222e+01   5   2.18473488e+01   6   
0.00000000e+00   0   4.15291395e-01   1   1.74439191e+01   2   1.74475911e+01   3   1.75016589e+01   4   1.91332035e+01   5   1.91347115e+01   6   
0.00000000e+00   0   3.66724679e-01   1   1.55356318e+01   2   1.55388410e+01   3   1.55840600e+01   4   1.70991527e+01   5   1.71014547e+01   6   
0.00000000e+00   0   3.28800711e-01   1   1.40175828e+01   2   1.40204436e+01   3   1.40589348e+01   4   1.54635420e+01   5   1.54677467e+01   6   
0.00000000e+00   0   3.03607596e-01   1   1.27867369e+01   2   1.27896167e+01   3   1.28231834e+01   4   1.41062159e+01   5   1.41104340e+01   6   
0.00000000e+00   0   2.72727234e-01   1   1.17723914e+01   2   1.17753723e+01   3   1.18047813e+01   4   1.29814291e+01   5   1.29846283e+01   6   
0.00000000e+00   0   2.49710524e-01   1   1.09243721e+01   2   1.09265823e+01   3   1.09535009e+01   4   1.20448042e+01   5   1.20463216e+01   6   
0.00000000e+00   0   2.35806844e-01   1   1.02055647e+01   2   1.02079926e+01   3   1.02325403e+01   4   1.12490149e+01   5   1.12501196e+01   6   
0.00000000e+00   0   2.15288774e-01   1   9.59065597e+00   2   9.59282294e+00   3   9.61547799e+00   4   1.05656467e+01   5   1.05665739e+01   6   
0.00000000e+00   0   2.02200446e-01   1   9.05835455e+00   2   9.06035506e+00   3   9.08155424e+00   4   9.97298997e+00   5   9.97389040e+00   6   
0.00000000e+00   0   1.86015446e-01   1   8.18494517e+00   2   8.18697427e+00   3   8.20567986e+00   4   8.99959327e+00   5   9.00052968e+00   6   
0.00000000e+00   0   1.64896699e-01   1   7.50025206e+00   2   7.50209629e+00   3   7.51915111e+00   4   8.23049092e+00   5   8.23130595e+00   6   
0.00000000e+00   0   1.53614699e-01   1   6.94967362e+00   2   6.95170675e+00   3   6.96777150e+00   4   7.61964415e+00   5   7.62047660e+00   6   
0.00000000e+00   0   1.42867808e-01   1   6.49829912e+00   2   6.50021443e+00   3   6.51585875e+00   4   7.13011209e+00   5   7.13093528e+00   6   
0.00000000e+00   0   1.33266973e-01   1   6.12179794e+00   2   6.12361120e+00   3   6.13863284e+00   4   6.71389184e+00   5   6.71476748e+00   6   
0.00000000e+00   0   1.23233465e-01   1   5.80301191e+00   2   5.80467621e+00   3   5.81925501e+00   4   6.37278987e+00   5   6.37387180e+00   6   
0.00000000e+00   0   1.17913818e-01   1   5.52965950e+00   2   5.53131254e+00   3   5.54543122e+00   4   6.05731054e+00   5   6.05818099e+00   6   
0.00000000e+00   0   1.13147213e-01   1   5.29354967e+00   2   5.29504428e+00   3   5.30871147e+00   4   5.79438520e+00   5   5.79523871e+00   6   
0.00000000e+00   0   1.07992718e-01   1   5.08676011e+00   2   5.08819216e+00   3   5.10076384e+00   4   5.56516751e+00   5   5.56638296e+00   6   
0.00000000e+00   0   1.03436804e-01   1   4.90432366e+00   2   4.90556285e+00   3   4.91817725e+00   4   5.35415699e+00   5   5.35525229e+00   6   
0.00000000e+00   0   9.18279159e-02   1   4.53250503e+00   2   4.53399722e+00   3   4.54520394e+00   4   4.95107236e+00   5   4.95230330e+00   6   
0.00000000e+00   0   7.68029989e-02   1   3.82192633e+00   2   3.82321775e+00   3   3.83386962e+00   4   4.88480284e+00   5   4.89280536e+00   6   
0.00000000e+00   0   7.15015113e-02   1   3.66381595e+00   2   3.66498651e+00   3   3.67546300e+00   4   4.67286510e+00   5   4.68783124e+00   6   
0.00000000e+00   0   6.76707609e-02   1   3.53033139e+00   2   3.53149609e+00   3   3.54199582e+00   4   4.37685897e+00   5   4.38360715e+00   6   
0.00000000e+00   0   6.16886417e-02   1   3.22905049e+00   2   3.23003547e+00   3   3.23924331e+00   4   4.08576059e+00   5   4.08909992e+00   6   
0.00000000e+00   0   5.87778154e-02   1   3.15132218e+00   2   3.15231309e+00   3   3.37995251e+00   4   4.23706145e+00   5   4.24106954e+00   6   
0.00000000e+00   0   5.78381252e-02   1   3.08169799e+00   2   3.08273900e+00   3   3.09315180e+00   4   3.74370588e+00   5   3.74775144e+00   6   
0.00000000e+00   0   5.33092139e-02   1   2.96267623e+00   2   2.96357006e+00   3   2.97263422e+00   4   3.59658890e+00   5   3.59938306e+00   6   
0.00000000e+00   0   4.48992082e-02   1   2.64708249e+00   2   2.64814286e+00   3   2.65571043e+00   4   3.67535957e+00   5   3.68271361e+00   6   
0.00000000e+00   0   4.23337121e-02   1   2.50337723e+00   2   2.50420910e+00   3   2.51173966e+00   4   3.28082594e+00   5   3.28294222e+00   6   
0.00000000e+00   0   3.90469032e-02   1   2.41430289e+00   2   2.41529555e+00   3   2.42339875e+00   4   3.04914169e+00   5   3.05067221e+00   6   
0.00000000e+00   0   3.87696468e-02   1   2.34410657e+00   2   2.34499691e+00   3   2.35302347e+00   4   3.06900742e+00   5   3.07066478e+00   6   
0.00000000e+00   0   3.67803310e-02   1   2.28639886e+00   2   2.28743878e+00   3   2.29548903e+00   4   2.98682233e+00   5   2.98841820e+00   6   
0.00000000e+00   0   3.58167641e-02   1   2.23874942e+00   2   2.23953287e+00   3   2.24757823e+00   4   2.87993587e+00   5   2.88156631e+00   6   
0.00000000e+00   0   3.49401511e-02   1   2.19765385e+00   2   2.19926131e+00   3   2.20838022e+00   4   2.84309241e+00   5   2.84435673e+00   6   
